age,sex,trestbps,chol,fbs,restecg,thalach,exang,oldpeak,ca,cp_1,cp_2,cp_3,slope_1,slope_2,thal_1,thal_2,thal_3,target
0.2700311405182709,0.7247871795887415,1.169458559341047,0.5487383830382647,-0.38421224293227246,-1.0419921334573912,-1.7046959500106713,1.4734492293862544,-0.3792604849669948,0.34321174470092836,-0.4527692569068708,-0.6591841999955774,-0.27548658250966984,1.0912878130489183,-0.9633275663033838,4.026696625558687,-1.1477402547212903,-0.7651969130815112,0
0.48877905603055066,0.7247871795887415,2.358403983518192,0.7769125604281514,-0.38421224293227246,-1.0419921334573912,0.40259325939354995,-0.6786796450506384,-0.7426870331858647,-0.6907136362106182,-0.4527692569068708,-0.6591841999955774,3.6299408518921203,1.0912878130489183,-0.9633275663033838,-0.24834252316220978,-1.1477402547212903,1.306853154925727,0
0.2700311405182709,0.7247871795887415,1.169458559341047,-2.3034388343353185,2.6027280972831366,0.8461289504766785,1.0302964281522542,-0.6786796450506384,-0.7426870331858647,0.34321174470092836,-0.4527692569068708,1.5170266520446165,-0.27548658250966984,-0.9163485453082519,1.0380684981717496,-0.24834252316220978,-1.1477402547212903,1.306853154925727,1
0.160657182762131,-1.3797153539159175,0.21830221999933086,3.0776688491095086,-0.38421224293227246,-1.0419921334573912,-0.0009302062370456128,1.4734492293862544,0.8018757967443321,1.3771371256124751,-0.4527692569068708,-0.6591841999955774,-0.27548658250966984,1.0912878130489183,-0.9633275663033838,-0.24834252316220978,-1.1477402547212903,1.306853154925727,0
1.8012665491042295,-1.3797153539159175,-1.2084322890132433,0.33957872043086856,2.6027280972831366,-1.0419921334573912,-0.8976490187494802,-0.6786796450506384,-0.9244003072952995,0.34321174470092836,-0.4527692569068708,1.5170266520446165,-0.27548658250966984,-0.9163485453082519,1.0380684981717496,-0.24834252316220978,0.8712772736570379,-0.7651969130815112,1
0.2700311405182709,0.7247871795887415,1.169458559341047,-1.5048292134707153,-0.38421224293227246,0.8461289504766785,1.075132368777876,-0.6786796450506384,0.5293058855801799,-0.6907136362106182,-0.4527692569068708,1.5170266520446165,-0.27548658250966984,-0.9163485453082519,1.0380684981717496,-0.24834252316220978,0.8712772736570379,-0.7651969130815112,1
-0.9330823947992679,-1.3797153539159175,0.45609130483475985,-0.07874060478392367,-0.38421224293227246,-1.0419921334573912,0.08874167501419784,1.4734492293862544,-0.9244003072952995,-0.6907136362106182,-0.4527692569068708,-0.6591841999955774,-0.27548658250966984,1.0912878130489183,-0.9633275663033838,-0.24834252316220978,0.8712772736570379,-0.7651969130815112,1
0.160657182762131,-1.3797153539159175,4.141822119783909,0.7769125604281514,2.6027280972831366,-1.0419921334573912,-0.7631411968726151,1.4734492293862544,2.7098651748933986,1.3771371256124751,-0.4527692569068708,-0.6591841999955774,-0.27548658250966984,-0.9163485453082519,-0.9633275663033838,-0.24834252316220978,-1.1477402547212903,1.306853154925727,0
-0.05809073275014878,0.7247871795887415,-0.49506503450695616,0.7388835308631703,-0.38421224293227246,-1.0419921334573912,-1.5253521875081844,1.4734492293862544,1.9830120784556593,1.3771371256124751,-0.4527692569068708,-0.6591841999955774,-0.27548658250966984,1.0912878130489183,-0.9633275663033838,-0.24834252316220978,0.8712772736570379,-0.7651969130815112,0
-0.05809073275014878,0.7247871795887415,-0.3167232208803844,0.491694838690793,-0.38421224293227246,-1.0419921334573912,0.08874167501419784,-0.6786796450506384,-0.47011712202171224,0.34321174470092836,-0.4527692569068708,1.5170266520446165,-0.27548658250966984,-0.9163485453082519,-0.9633275663033838,-0.24834252316220978,0.8712772736570379,-0.7651969130815112,1
0.2700311405182709,0.7247871795887415,0.5749858472524744,-1.048480858690942,-0.38421224293227246,0.8461289504766785,-0.09060208748828907,-0.6786796450506384,-0.5609737590764297,-0.6907136362106182,-0.4527692569068708,-0.6591841999955774,-0.27548658250966984,1.0912878130489183,-0.9633275663033838,4.026696625558687,-1.1477402547212903,-0.7651969130815112,1
0.48877905603055066,0.7247871795887415,2.83398215318905,0.43465129434332134,-0.38421224293227246,-1.0419921334573912,-0.22510990936515426,-0.6786796450506384,2.891578449002834,-0.6907136362106182,-0.4527692569068708,-0.6591841999955774,3.6299408518921203,-0.9163485453082519,-0.9633275663033838,-0.24834252316220978,-1.1477402547212903,1.306853154925727,1
-0.27683864826242854,0.7247871795887415,-0.6139595769246706,1.480449607380302,-0.38421224293227246,0.8461289504766785,0.9854604875266324,-0.6786796450506384,-0.7426870331858647,-0.6907136362106182,2.208630521496931,-0.6591841999955774,-0.27548658250966984,-0.9163485453082519,1.0380684981717496,-0.24834252316220978,0.8712772736570379,-0.7651969130815112,1
-1.5893261413361073,0.7247871795887415,-1.2084322890132433,-1.5238437282532058,-0.38421224293227246,-1.0419921334573912,-1.615024068759428,1.4734492293862544,0.8927324337990495,-0.6907136362106182,-0.4527692569068708,-0.6591841999955774,-0.27548658250966984,1.0912878130489183,-0.9633275663033838,-0.24834252316220978,-1.1477402547212903,1.306853154925727,0
-0.9330823947992679,-1.3797153539159175,-1.5056686450575294,-0.8203066813010553,-0.38421224293227246,0.8461289504766785,0.9854604875266324,-0.6786796450506384,-0.9244003072952995,-0.6907136362106182,2.208630521496931,-0.6591841999955774,-0.27548658250966984,-0.9163485453082519,1.0380684981717496,-0.24834252316220978,0.8712772736570379,-0.7651969130815112,1
-1.1518303103115477,0.7247871795887415,0.5749858472524744,-0.2308567230438481,-0.38421224293227246,-1.0419921334573912,1.3441480125316063,-0.6786796450506384,-0.9244003072952995,-0.6907136362106182,-0.4527692569068708,1.5170266520446165,-0.27548658250966984,-0.9163485453082519,1.0380684981717496,-0.24834252316220978,0.8712772736570379,-0.7651969130815112,1
-2.2455698878729464,-1.3797153539159175,-0.7328541193423852,-0.706219592606112,-0.38421224293227246,0.8461289504766785,1.882179300039067,-0.6786796450506384,-0.2884038479122774,-0.6907136362106182,2.208630521496931,-0.6591841999955774,-0.27548658250966984,-0.9163485453082519,1.0380684981717496,-0.24834252316220978,0.8712772736570379,-0.7651969130815112,1
-0.05809073275014878,0.7247871795887415,-0.6139595769246706,-1.1245389178209042,-0.38421224293227246,0.8461289504766785,-1.6598600093850495,-0.6786796450506384,0.3475926114707448,0.34321174470092836,-0.4527692569068708,-0.6591841999955774,-0.27548658250966984,1.0912878130489183,-0.9633275663033838,-0.24834252316220978,-1.1477402547212903,1.306853154925727,0
-0.9330823947992679,0.7247871795887415,0.5749858472524744,1.214246400425434,-0.38421224293227246,0.8461289504766785,-1.3460084250056976,1.4734492293862544,0.7110191596896147,1.3771371256124751,-0.4527692569068708,-0.6591841999955774,-0.27548658250966984,1.0912878130489183,-0.9633275663033838,-0.24834252316220978,-1.1477402547212903,1.306853154925727,0
0.7075269715428304,0.7247871795887415,0.45609130483475985,-1.5428582430356965,-0.38421224293227246,-1.0419921334573912,-1.1218287218775889,1.4734492293862544,2.346438626674529,0.34321174470092836,-0.4527692569068708,-0.6591841999955774,-0.27548658250966984,1.0912878130489183,-0.9633275663033838,-0.24834252316220978,0.8712772736570379,-0.7651969130815112,0
1.0356488448112502,0.7247871795887415,2.358403983518192,-0.38297284130377257,-0.38421224293227246,-1.0419921334573912,0.22324949689106305,-0.6786796450506384,-0.3792604849669948,-0.6907136362106182,-0.4527692569068708,-0.6591841999955774,3.6299408518921203,1.0912878130489183,-0.9633275663033838,-0.24834252316220978,-1.1477402547212903,1.306853154925727,1
0.160657182762131,0.7247871795887415,-0.019486864836098156,0.6818399865156985,2.6027280972831366,-1.0419921334573912,-2.108219415641267,1.4734492293862544,0.5293058855801799,-0.6907136362106182,-0.4527692569068708,-0.6591841999955774,-0.27548658250966984,-0.9163485453082519,-0.9633275663033838,-0.24834252316220978,-1.1477402547212903,1.306853154925727,0
1.3637707180796699,0.7247871795887415,-0.6139595769246706,-0.192827693478867,-0.38421224293227246,0.8461289504766785,-3.5429695156611625,-0.6786796450506384,-0.01583393674812498,-0.6907136362106182,-0.4527692569068708,-0.6591841999955774,-0.27548658250966984,1.0912878130489183,-0.9633275663033838,-0.24834252316220978,0.8712772736570379,-0.7651969130815112,0
1.8012665491042295,-1.3797153539159175,1.7639312714296194,1.0431157673830191,-0.38421224293227246,0.8461289504766785,0.5371010812704151,-0.6786796450506384,-0.5609737590764297,1.3771371256124751,2.208630521496931,-0.6591841999955774,-0.27548658250966984,-0.9163485453082519,1.0380684981717496,-0.24834252316220978,0.8712772736570379,-0.7651969130815112,1
-1.1518303103115477,-1.3797153539159175,-0.7328541193423852,-0.09775511956641422,-0.38421224293227246,0.8461289504766785,-0.04576614686266734,-0.6786796450506384,-0.6518303961311471,0.34321174470092836,-0.4527692569068708,1.5170266520446165,-0.27548658250966984,1.0912878130489183,-0.9633275663033838,-0.24834252316220978,0.8712772736570379,-0.7651969130815112,1
-1.5893261413361073,0.7247871795887415,1.2883531017587615,-0.4590309004337348,-0.38421224293227246,0.8461289504766785,1.3889839531572281,-0.6786796450506384,-0.9244003072952995,-0.6907136362106182,-0.4527692569068708,-0.6591841999955774,-0.27548658250966984,-0.9163485453082519,1.0380684981717496,-0.24834252316220978,-1.1477402547212903,1.306853154925727,0
0.48877905603055066,0.7247871795887415,1.7639312714296194,0.491694838690793,-0.38421224293227246,-1.0419921334573912,-1.1218287218775889,-0.6786796450506384,-0.9244003072952995,-0.6907136362106182,-0.4527692569068708,-0.6591841999955774,3.6299408518921203,-0.9163485453082519,1.0380684981717496,-0.24834252316220978,0.8712772736570379,-0.7651969130815112,0
-0.38621260601856844,0.7247871795887415,0.5749858472524744,0.26352066130090634,-0.38421224293227246,-1.0419921334573912,1.6131636562853366,1.4734492293862544,-0.9244003072952995,-0.6907136362106182,-0.4527692569068708,-0.6591841999955774,-0.27548658250966984,-0.9163485453082519,1.0380684981717496,-0.24834252316220978,0.8712772736570379,-0.7651969130815112,1
0.2700311405182709,0.7247871795887415,2.0611676274739055,0.7959270752106419,2.6027280972831366,-1.0419921334573912,-1.1666646625032107,-0.6786796450506384,-0.01583393674812498,2.4110625065240217,-0.4527692569068708,-0.6591841999955774,-0.27548658250966984,1.0912878130489183,-0.9633275663033838,-0.24834252316220978,-1.1477402547212903,1.306853154925727,0
-0.49558656377470833,-1.3797153539159175,-1.2084322890132433,0.13041905782347243,-0.38421224293227246,-1.0419921334573912,0.40259325939354995,-0.6786796450506384,-0.9244003072952995,-0.6907136362106182,-0.4527692569068708,-0.6591841999955774,-0.27548658250966984,-0.9163485453082519,1.0380684981717496,-0.24834252316220978,0.8712772736570379,-0.7651969130815112,1
1.0356488448112502,0.7247871795887415,-0.13838140725381265,0.30154969086588745,-0.38421224293227246,0.8461289504766785,-2.0185475343900237,1.4734492293862544,-0.7426870331858647,0.34321174470092836,-0.4527692569068708,-0.6591841999955774,-0.27548658250966984,1.0912878130489183,-0.9633275663033838,-0.24834252316220978,-1.1477402547212903,1.306853154925727,1
0.7075269715428304,0.7247871795887415,0.5749858472524744,-0.7632631369535837,-0.38421224293227246,-1.0419921334573912,-0.5389614937445064,1.4734492293862544,0.8018757967443321,0.34321174470092836,-0.4527692569068708,-0.6591841999955774,-0.27548658250966984,-0.9163485453082519,1.0380684981717496,-0.24834252316220978,-1.1477402547212903,1.306853154925727,0
0.8169009292989703,0.7247871795887415,-0.6139595769246706,0.3776077499958497,-0.38421224293227246,0.8461289504766785,-2.287563178143754,1.4734492293862544,0.7110191596896147,1.3771371256124751,-0.4527692569068708,-0.6591841999955774,-0.27548658250966984,1.0912878130489183,-0.9633275663033838,-0.24834252316220978,-1.1477402547212903,1.306853154925727,0
-1.0424563525554078,0.7247871795887415,-1.5651159162663868,-0.7442486221710931,-0.38421224293227246,-1.0419921334573912,-0.09060208748828907,1.4734492293862544,1.8012988043462241,-0.6907136362106182,-0.4527692569068708,-0.6591841999955774,-0.27548658250966984,1.0912878130489183,-0.9633275663033838,-0.24834252316220978,0.8712772736570379,-0.7651969130815112,1
1.25439676032353,-1.3797153539159175,1.169458559341047,-0.4019873560862631,-0.38421224293227246,0.8461289504766785,-1.615024068759428,-0.6786796450506384,1.4378722561273545,-0.6907136362106182,-0.4527692569068708,-0.6591841999955774,3.6299408518921203,-0.9163485453082519,-0.9633275663033838,-0.24834252316220978,0.8712772736570379,-0.7651969130815112,1
0.9262748870551102,0.7247871795887415,-0.019486864836098156,0.13041905782347243,-0.38421224293227246,-1.0419921334573912,-0.1354380281139108,-0.6786796450506384,0.3475926114707448,0.34321174470092836,-0.4527692569068708,-0.6591841999955774,-0.27548658250966984,1.0912878130489183,-0.9633275663033838,-0.24834252316220978,-1.1477402547212903,1.306853154925727,0
-0.38621260601856844,0.7247871795887415,-0.3167232208803844,-0.04071157521894256,2.6027280972831366,-1.0419921334573912,0.7164448437729021,-0.6786796450506384,1.2561589820179193,-0.6907136362106182,-0.4527692569068708,1.5170266520446165,-0.27548658250966984,1.0912878130489183,-0.9633275663033838,-0.24834252316220978,0.8712772736570379,-0.7651969130815112,1
-0.7143344792869881,0.7247871795887415,-0.3761704920892417,0.149433572605963,2.6027280972831366,0.8461289504766785,1.1199683094034976,-0.6786796450506384,-0.9244003072952995,1.3771371256124751,-0.4527692569068708,1.5170266520446165,-0.27548658250966984,-0.9163485453082519,1.0380684981717496,-0.24834252316220978,0.8712772736570379,-0.7651969130815112,1
-1.5893261413361073,0.7247871795887415,0.5749858472524744,-0.9153792552135082,-0.38421224293227246,0.8461289504766785,1.2544761312803627,1.4734492293862544,0.3475926114707448,-0.6907136362106182,-0.4527692569068708,-0.6591841999955774,3.6299408518921203,-0.9163485453082519,1.0380684981717496,-0.24834252316220978,-1.1477402547212903,1.306853154925727,1
-1.0424563525554078,0.7247871795887415,-0.911195932968957,0.24450614651841576,-0.38421224293227246,-1.0419921334573912,1.5683277156597148,-0.6786796450506384,-0.9244003072952995,-0.6907136362106182,-0.4527692569068708,-0.6591841999955774,-0.27548658250966984,-0.9163485453082519,1.0380684981717496,-0.24834252316220978,0.8712772736570379,-0.7651969130815112,1
-0.27683864826242854,0.7247871795887415,0.45609130483475985,-0.4590309004337348,-0.38421224293227246,0.8461289504766785,0.8509526656497672,-0.6786796450506384,-0.9244003072952995,3.4449878874355684,-0.4527692569068708,1.5170266520446165,-0.27548658250966984,-0.9163485453082519,1.0380684981717496,-0.24834252316220978,0.8712772736570379,-0.7651969130815112,1
0.48877905603055066,0.7247871795887415,0.5749858472524744,-0.4970599299987159,-0.38421224293227246,0.8461289504766785,0.6267729625216586,1.4734492293862544,-0.9244003072952995,-0.6907136362106182,2.208630521496931,-0.6591841999955774,-0.27548658250966984,-0.9163485453082519,1.0380684981717496,-0.24834252316220978,0.8712772736570379,-0.7651969130815112,1
0.8169009292989703,0.7247871795887415,-0.13838140725381265,-0.7442486221710931,2.6027280972831366,-1.0419921334573912,-0.44928961249326294,-0.6786796450506384,-0.9244003072952995,-0.6907136362106182,2.208630521496931,-0.6591841999955774,-0.27548658250966984,-0.9163485453082519,1.0380684981717496,-0.24834252316220978,0.8712772736570379,-0.7651969130815112,1
-1.4799521835799674,0.7247871795887415,-0.019486864836098156,-0.6301615334761498,-0.38421224293227246,-1.0419921334573912,0.8061167250241456,-0.6786796450506384,0.8927324337990495,-0.6907136362106182,-0.4527692569068708,1.5170266520446165,-0.27548658250966984,1.0912878130489183,-0.9633275663033838,-0.24834252316220978,0.8712772736570379,-0.7651969130815112,1
-1.1518303103115477,0.7247871795887415,-0.6139595769246706,0.30154969086588745,-0.38421224293227246,0.8461289504766785,1.0302964281522542,-0.6786796450506384,-0.9244003072952995,-0.6907136362106182,2.208630521496931,-0.6591841999955774,-0.27548658250966984,-0.9163485453082519,1.0380684981717496,-0.24834252316220978,-1.1477402547212903,1.306853154925727,1
-1.2612042680676876,0.7247871795887415,0.09940767758161635,-0.002682545653961449,2.6027280972831366,-1.0419921334573912,-0.3147817906163977,1.4734492293862544,-0.8335436702405821,3.4449878874355684,-0.4527692569068708,-0.6591841999955774,-0.27548658250966984,1.0912878130489183,-0.9633275663033838,-0.24834252316220978,-1.1477402547212903,1.306853154925727,0
-0.27683864826242854,0.7247871795887415,-0.13838140725381265,-0.8203066813010553,2.6027280972831366,0.8461289504766785,0.2680854375166848,1.4734492293862544,-0.01583393674812498,-0.6907136362106182,-0.4527692569068708,-0.6591841999955774,-0.27548658250966984,1.0912878130489183,-0.9633275663033838,-0.24834252316220978,-1.1477402547212903,-0.7651969130815112,0
-0.27683864826242854,0.7247871795887415,-0.13838140725381265,-0.8012921665185648,2.6027280972831366,0.8461289504766785,1.5234917750340933,-0.6786796450506384,-0.9244003072952995,-0.6907136362106182,2.208630521496931,-0.6591841999955774,-0.27548658250966984,-0.9163485453082519,1.0380684981717496,-0.24834252316220978,0.8712772736570379,-0.7651969130815112,1
0.37940509827441077,-1.3797153539159175,2.358403983518192,-0.4210018708687537,2.6027280972831366,-1.0419921334573912,-0.18027396873953253,1.4734492293862544,1.619585530236789,1.3771371256124751,-0.4527692569068708,-0.6591841999955774,-0.27548658250966984,1.0912878130489183,-0.9633275663033838,4.026696625558687,-1.1477402547212903,-0.7651969130815112,0
0.05128322500599111,0.7247871795887415,1.7639312714296194,0.7959270752106419,-0.38421224293227246,-1.0419921334573912,-0.22510990936515426,1.4734492293862544,-0.19754721085755986,0.34321174470092836,-0.4527692569068708,-0.6591841999955774,-0.27548658250966984,1.0912878130489183,-0.9633275663033838,-0.24834252316220978,-1.1477402547212903,1.306853154925727,0
-0.7143344792869881,0.7247871795887415,-0.019486864836098156,0.16844808738845354,2.6027280972831366,-1.0419921334573912,-0.0009302062370456128,1.4734492293862544,-0.9244003072952995,1.3771371256124751,-0.4527692569068708,-0.6591841999955774,-0.27548658250966984,-0.9163485453082519,1.0380684981717496,-0.24834252316220978,-1.1477402547212903,1.306853154925727,0
-1.0424563525554078,0.7247871795887415,0.6938803896701888,1.176217370860453,-0.38421224293227246,-1.0419921334573912,-0.1354380281139108,1.4734492293862544,-0.9244003072952995,2.4110625065240217,-0.4527692569068708,-0.6591841999955774,-0.27548658250966984,1.0912878130489183,-0.9633275663033838,-0.24834252316220978,-1.1477402547212903,1.306853154925727,0
-1.4799521835799674,0.7247871795887415,0.2777494912081881,-0.8393211960835459,-0.38421224293227246,0.8461289504766785,-0.8079771374982367,-0.6786796450506384,-0.9244003072952995,-0.6907136362106182,2.208630521496931,-0.6591841999955774,-0.27548658250966984,1.0912878130489183,-0.9633275663033838,4.026696625558687,-1.1477402547212903,-0.7651969130815112,1
0.5981530137866906,-1.3797153539159175,-1.6840104586841012,1.347348003902868,-0.38421224293227246,0.8461289504766785,0.4474292000191717,-0.6786796450506384,-0.9244003072952995,0.34321174470092836,-0.4527692569068708,1.5170266520446165,-0.27548658250966984,-0.9163485453082519,1.0380684981717496,-0.24834252316220978,0.8712772736570379,-0.7651969130815112,1
0.37940509827441077,0.7247871795887415,-0.3167232208803844,1.005086737818038,-0.38421224293227246,-1.0419921334573912,0.9406245469010107,-0.6786796450506384,-0.9244003072952995,1.3771371256124751,-0.4527692569068708,-0.6591841999955774,-0.27548658250966984,-0.9163485453082519,1.0380684981717496,-0.24834252316220978,-1.1477402547212903,1.306853154925727,0
0.8169009292989703,-1.3797153539159175,1.7639312714296194,-1.5808872726006775,-0.38421224293227246,-1.0419921334573912,-0.22510990936515426,-0.6786796450506384,4.7087111900971825,2.4110625065240217,-0.4527692569068708,-0.6591841999955774,-0.27548658250966984,-0.9163485453082519,-0.9633275663033838,-0.24834252316220978,-1.1477402547212903,1.306853154925727,0
1.5825186335919497,0.7247871795887415,0.5749858472524744,0.13041905782347243,-0.38421224293227246,-1.0419921334573912,-0.18027396873953253,-0.6786796450506384,0.8927324337990495,2.4110625065240217,-0.4527692569068708,1.5170266520446165,-0.27548658250966984,1.0912878130489183,-0.9633275663033838,-0.24834252316220978,-1.1477402547212903,1.306853154925727,0
-0.49558656377470833,0.7247871795887415,-0.0789341360449554,-0.9724227995609798,-0.38421224293227246,0.8461289504766785,0.5819370218960369,-0.6786796450506384,-0.9244003072952995,-0.6907136362106182,-0.4527692569068708,1.5170266520446165,-0.27548658250966984,-0.9163485453082519,1.0380684981717496,-0.24834252316220978,0.8712772736570379,-0.7651969130815112,1
1.4731446758358098,0.7247871795887415,0.8127749320879034,-1.0294663439084515,2.6027280972831366,0.8461289504766785,-0.4044536718676412,-0.6786796450506384,2.164725352565094,1.3771371256124751,-0.4527692569068708,-0.6591841999955774,-0.27548658250966984,1.0912878130489183,-0.9633275663033838,-0.24834252316220978,-1.1477402547212903,1.306853154925727,0
0.5981530137866906,0.7247871795887415,0.8722222032967606,0.662825471733208,-0.38421224293227246,-1.0419921334573912,-0.35961773124201946,1.4734492293862544,1.619585530236789,1.3771371256124751,-0.4527692569068708,-0.6591841999955774,-0.27548658250966984,1.0912878130489183,-0.9633275663033838,-0.24834252316220978,-1.1477402547212903,1.306853154925727,0
-0.49558656377470833,0.7247871795887415,1.169458559341047,-0.07874060478392367,-0.38421224293227246,-1.0419921334573912,-0.9873209000007237,-0.6786796450506384,1.4378722561273545,-0.6907136362106182,-0.4527692569068708,-0.6591841999955774,-0.27548658250966984,1.0912878130489183,-0.9633275663033838,-0.24834252316220978,-1.1477402547212903,1.306853154925727,0
