age,sex,trestbps,chol,fbs,restecg,thalach,exang,oldpeak,ca,target,cp_1,cp_2,cp_3,slope_1,slope_2,thal_1,thal_2,thal_3
-1.3705782258238275,0.7247871795887415,-0.6139595769246706,0.9100141639055852,-0.38421224293227246,0.8461289504766785,0.5371010812704151,-0.6786796450506384,-0.9244003072952995,-0.6907136362106182,1,2.208630521496931,-0.6591841999955774,-0.27548658250966984,-0.9163485453082519,1.0380684981717496,-0.24834252316220978,0.8712772736570379,-0.7651969130815112
0.37940509827441077,0.7247871795887415,1.169458559341047,0.43465129434332134,-0.38421224293227246,-1.0419921334573912,-1.749531890636293,1.4734492293862544,-0.19754721085755986,-0.6907136362106182,0,-0.4527692569068708,-0.6591841999955774,-0.27548658250966984,-0.9163485453082519,1.0380684981717496,-0.24834252316220978,-1.1477402547212903,1.306853154925727
-0.9330823947992679,0.7247871795887415,1.169458559341047,-0.30691478217381035,-0.38421224293227246,0.8461289504766785,-0.1354380281139108,-0.6786796450506384,2.346438626674529,-0.6907136362106182,0,-0.4527692569068708,1.5170266520446165,-0.27548658250966984,1.0912878130489183,-0.9633275663033838,-0.24834252316220978,0.8712772736570379,-0.7651969130815112
0.05128322500599111,-1.3797153539159175,0.2777494912081881,0.054360998693510215,-0.38421224293227246,-1.0419921334573912,0.49226514064479343,-0.6786796450506384,0.3475926114707448,-0.6907136362106182,1,2.208630521496931,-0.6591841999955774,-0.27548658250966984,1.0912878130489183,-0.9633275663033838,-0.24834252316220978,0.8712772736570379,-0.7651969130815112
0.5981530137866906,0.7247871795887415,-0.7923013905512424,-0.3259292969563009,2.6027280972831366,0.8461289504766785,0.4474292000191717,1.4734492293862544,0.3475926114707448,1.3771371256124751,0,-0.4527692569068708,-0.6591841999955774,-0.27548658250966984,-0.9163485453082519,1.0380684981717496,-0.24834252316220978,-1.1477402547212903,1.306853154925727
0.2700311405182709,-1.3797153539159175,-0.13838140725381265,1.0621302821655096,-0.38421224293227246,-1.0419921334573912,0.40259325939354995,-0.6786796450506384,-0.9244003072952995,0.34321174470092836,1,-0.4527692569068708,-0.6591841999955774,-0.27548658250966984,-0.9163485453082519,1.0380684981717496,-0.24834252316220978,0.8712772736570379,-0.7651969130815112
-0.05809073275014878,-1.3797153539159175,0.09940767758161635,0.7769125604281514,2.6027280972831366,-1.0419921334573912,0.40259325939354995,1.4734492293862544,-0.9244003072952995,0.34321174470092836,1,2.208630521496931,-0.6591841999955774,-0.27548658250966984,-0.9163485453082519,1.0380684981717496,-0.24834252316220978,0.8712772736570379,-0.7651969130815112
0.160657182762131,-1.3797153539159175,0.5749858472524744,0.8909996491230947,-0.38421224293227246,-1.0419921334573912,0.13357761563981957,-0.6786796450506384,0.2567359744160274,-0.6907136362106182,1,2.208630521496931,-0.6591841999955774,-0.27548658250966984,1.0912878130489183,-0.9633275663033838,-0.24834252316220978,0.8712772736570379,-0.7651969130815112
1.0356488448112502,0.7247871795887415,0.5749858472524744,1.6705947552052074,-0.38421224293227246,0.8461289504766785,0.3577573187679282,-0.6786796450506384,-0.9244003072952995,-0.6907136362106182,0,-0.4527692569068708,1.5170266520446165,-0.27548658250966984,-0.9163485453082519,1.0380684981717496,-0.24834252316220978,0.8712772736570379,-0.7651969130815112
-1.4799521835799674,-1.3797153539159175,-1.5056686450575294,-0.9343937699959987,-0.38421224293227246,0.8461289504766785,0.8061167250241456,-0.6786796450506384,-0.9244003072952995,0.34321174470092836,1,2.208630521496931,-0.6591841999955774,-0.27548658250966984,-0.9163485453082519,1.0380684981717496,-0.24834252316220978,0.8712772736570379,-0.7651969130815112
-1.3705782258238275,0.7247871795887415,0.5749858472524744,-0.4019873560862631,-0.38421224293227246,0.8461289504766785,1.2544761312803627,-0.6786796450506384,-0.9244003072952995,-0.6907136362106182,1,-0.4527692569068708,-0.6591841999955774,-0.27548658250966984,-0.9163485453082519,1.0380684981717496,-0.24834252316220978,0.8712772736570379,-0.7651969130815112
0.8169009292989703,-1.3797153539159175,1.169458559341047,-0.05972609000143311,-0.38421224293227246,0.8461289504766785,0.1784135562654413,1.4734492293862544,0.3475926114707448,-0.6907136362106182,0,-0.4527692569068708,-0.6591841999955774,-0.27548658250966984,1.0912878130489183,-0.9633275663033838,-0.24834252316220978,0.8712772736570379,-0.7651969130815112
-0.7143344792869881,0.7247871795887415,-0.49506503450695616,-0.47804541521622534,-0.38421224293227246,-1.0419921334573912,1.6131636562853366,-0.6786796450506384,-0.9244003072952995,-0.6907136362106182,1,-0.4527692569068708,-0.6591841999955774,-0.27548658250966984,-0.9163485453082519,1.0380684981717496,-0.24834252316220978,0.8712772736570379,-0.7651969130815112
1.0356488448112502,0.7247871795887415,0.8722222032967606,-0.6681905630411309,-0.38421224293227246,-1.0419921334573912,-0.8079771374982367,-0.6786796450506384,0.8927324337990495,1.3771371256124751,0,-0.4527692569068708,-0.6591841999955774,-0.27548658250966984,1.0912878130489183,-0.9633275663033838,4.026696625558687,-1.1477402547212903,-0.7651969130815112
0.05128322500599111,0.7247871795887415,-0.019486864836098156,0.2825351760833969,-0.38421224293227246,0.8461289504766785,0.22324949689106305,-0.6786796450506384,-0.9244003072952995,-0.6907136362106182,1,2.208630521496931,-0.6591841999955774,-0.27548658250966984,-0.9163485453082519,1.0380684981717496,-0.24834252316220978,0.8712772736570379,-0.7651969130815112
0.2700311405182709,0.7247871795887415,1.4072476441764759,-0.2879002673913198,-0.38421224293227246,-1.0419921334573912,0.6267729625216586,-0.6786796450506384,-0.9244003072952995,0.34321174470092836,0,2.208630521496931,-0.6591841999955774,-0.27548658250966984,-0.9163485453082519,1.0380684981717496,-0.24834252316220978,0.8712772736570379,-0.7651969130815112
0.48877905603055066,0.7247871795887415,-0.25727594967152717,-0.5541034743461876,2.6027280972831366,0.8461289504766785,-0.7183052562469933,-0.6786796450506384,1.0744457079084846,0.34321174470092836,0,-0.4527692569068708,1.5170266520446165,-0.27548658250966984,1.0912878130489183,-0.9633275663033838,4.026696625558687,-1.1477402547212903,-0.7651969130815112
1.3637707180796699,0.7247871795887415,-0.3167232208803844,0.13041905782347243,2.6027280972831366,0.8461289504766785,0.5819370218960369,-0.6786796450506384,-0.7426870331858647,1.3771371256124751,0,-0.4527692569068708,-0.6591841999955774,-0.27548658250966984,1.0912878130489183,-0.9633275663033838,-0.24834252316220978,-1.1477402547212903,1.306853154925727
0.37940509827441077,0.7247871795887415,-0.3167232208803844,-0.5160744447812065,-0.38421224293227246,0.8461289504766785,-0.269945849990776,-0.6786796450506384,-0.5609737590764297,3.4449878874355684,1,2.208630521496931,-0.6591841999955774,-0.27548658250966984,1.0912878130489183,-0.9633275663033838,-0.24834252316220978,-1.1477402547212903,1.306853154925727
-1.808074056848387,0.7247871795887415,0.45609130483475985,-1.3717276099932814,-0.38421224293227246,0.8461289504766785,1.0302964281522542,-0.6786796450506384,-0.9244003072952995,3.4449878874355684,1,-0.4527692569068708,1.5170266520446165,-0.27548658250966984,-0.9163485453082519,1.0380684981717496,-0.24834252316220978,0.8712772736570379,-0.7651969130815112
0.160657182762131,0.7247871795887415,0.09940767758161635,-1.2005969769508664,-0.38421224293227246,-1.0419921334573912,-2.0185475343900237,1.4734492293862544,0.9835890708537671,0.34321174470092836,0,-0.4527692569068708,-0.6591841999955774,-0.27548658250966984,1.0912878130489183,-0.9633275663033838,4.026696625558687,-1.1477402547212903,-0.7651969130815112
-1.3705782258238275,-1.3797153539159175,-1.6840104586841012,0.33957872043086856,-0.38421224293227246,-1.0419921334573912,-1.256336543754454,-0.6786796450506384,-0.3792604849669948,-0.6907136362106182,1,-0.4527692569068708,-0.6591841999955774,-0.27548658250966984,1.0912878130489183,-0.9633275663033838,-0.24834252316220978,0.8712772736570379,-0.7651969130815112
-0.38621260601856844,0.7247871795887415,-1.8029050011018157,-0.47804541521622534,-0.38421224293227246,0.8461289504766785,-0.3147817906163977,1.4734492293862544,0.1658793373613099,-0.6907136362106182,1,-0.4527692569068708,1.5170266520446165,-0.27548658250966984,1.0912878130489183,-0.9633275663033838,-0.24834252316220978,0.8712772736570379,-0.7651969130815112
-1.2612042680676876,0.7247871795887415,-1.2084322890132433,-0.6872050778236215,-0.38421224293227246,0.8461289504766785,0.49226514064479343,-0.6786796450506384,-0.9244003072952995,-0.6907136362106182,1,-0.4527692569068708,-0.6591841999955774,-0.27548658250966984,-0.9163485453082519,1.0380684981717496,-0.24834252316220978,-1.1477402547212903,1.306853154925727
0.8169009292989703,-1.3797153539159175,0.5749858472524744,0.3966222647783402,-0.38421224293227246,-1.0419921334573912,0.4474292000191717,-0.6786796450506384,2.346438626674529,1.3771371256124751,0,-0.4527692569068708,-0.6591841999955774,-0.27548658250966984,-0.9163485453082519,-0.9633275663033838,-0.24834252316220978,0.8712772736570379,-0.7651969130815112
-0.38621260601856844,0.7247871795887415,0.5749858472524744,0.9670577082530569,-0.38421224293227246,0.8461289504766785,-1.256336543754454,1.4734492293862544,2.891578449002834,2.4110625065240217,0,-0.4527692569068708,-0.6591841999955774,-0.27548658250966984,1.0912878130489183,-0.9633275663033838,-0.24834252316220978,-1.1477402547212903,1.306853154925727
1.5825186335919497,-1.3797153539159175,0.5749858472524744,-0.1547986639138859,-0.38421224293227246,0.8461289504766785,0.04390573438857612,-0.6786796450506384,0.7110191596896147,1.3771371256124751,1,-0.4527692569068708,-0.6591841999955774,3.6299408518921203,-0.9163485453082519,1.0380684981717496,-0.24834252316220978,0.8712772736570379,-0.7651969130815112
1.3637707180796699,-1.3797153539159175,-1.4462213738486722,-0.4590309004337348,-0.38421224293227246,0.8461289504766785,-0.35961773124201946,-0.6786796450506384,-0.6518303961311471,1.3771371256124751,1,-0.4527692569068708,-0.6591841999955774,-0.27548658250966984,-0.9163485453082519,1.0380684981717496,-0.24834252316220978,0.8712772736570379,-0.7651969130815112
0.37940509827441077,0.7247871795887415,-1.5056686450575294,-0.13578414913139533,-0.38421224293227246,-1.0419921334573912,0.1784135562654413,1.4734492293862544,-0.3792604849669948,-0.6907136362106182,1,-0.4527692569068708,1.5170266520446165,-0.27548658250966984,1.0912878130489183,-0.9633275663033838,-0.24834252316220978,-1.1477402547212903,1.306853154925727
2.3481363378849287,-1.3797153539159175,0.5749858472524744,-0.9534082847784893,-0.38421224293227246,2.7342500344107483,-1.5253521875081844,-0.6786796450506384,0.07502270030659255,-0.6907136362106182,1,-0.4527692569068708,1.5170266520446165,-0.27548658250966984,1.0912878130489183,-0.9633275663033838,-0.24834252316220978,0.8712772736570379,-0.7651969130815112
-1.6987000990922472,-1.3797153539159175,-2.159588628354959,-0.9153792552135082,-0.38421224293227246,0.8461289504766785,1.2993120719059845,-0.6786796450506384,-0.9244003072952995,-0.6907136362106182,1,-0.4527692569068708,1.5170266520446165,-0.27548658250966984,-0.9163485453082519,1.0380684981717496,-0.24834252316220978,0.8712772736570379,-0.7651969130815112
-2.792439676653646,0.7247871795887415,-0.019486864836098156,-0.8203066813010553,-0.38421224293227246,-1.0419921334573912,2.3305387062952843,-0.6786796450506384,-0.9244003072952995,-0.6907136362106182,1,2.208630521496931,-0.6591841999955774,-0.27548658250966984,-0.9163485453082519,1.0380684981717496,-0.24834252316220978,0.8712772736570379,-0.7651969130815112
-0.49558656377470833,-1.3797153539159175,-0.6139595769246706,-0.535088959563697,-0.38421224293227246,0.8461289504766785,0.3577573187679282,-0.6786796450506384,0.5293058855801799,-0.6907136362106182,1,-0.4527692569068708,1.5170266520446165,-0.27548658250966984,1.0912878130489183,-0.9633275663033838,-0.24834252316220978,0.8712772736570379,-0.7651969130815112
-0.05809073275014878,0.7247871795887415,0.5749858472524744,-0.1547986639138859,-0.38421224293227246,0.8461289504766785,0.4474292000191717,-0.6786796450506384,0.1658793373613099,-0.6907136362106182,1,-0.4527692569068708,-0.6591841999955774,-0.27548658250966984,-0.9163485453082519,1.0380684981717496,-0.24834252316220978,0.8712772736570379,-0.7651969130815112
0.37940509827441077,-1.3797153539159175,-0.019486864836098156,-0.9534082847784893,-0.38421224293227246,0.8461289504766785,-0.8528130781238584,-0.6786796450506384,-0.3792604849669948,-0.6907136362106182,1,-0.4527692569068708,-0.6591841999955774,-0.27548658250966984,1.0912878130489183,-0.9633275663033838,-0.24834252316220978,0.8712772736570379,-0.7651969130815112
-0.27683864826242854,0.7247871795887415,-1.3273268314309576,-0.26888575260882924,2.6027280972831366,0.8461289504766785,-0.1354380281139108,-0.6786796450506384,-0.8335436702405821,2.4110625065240217,1,-0.4527692569068708,-0.6591841999955774,-0.27548658250966984,-0.9163485453082519,1.0380684981717496,-0.24834252316220978,-1.1477402547212903,1.306853154925727
-1.1518303103115477,0.7247871795887415,-0.6139595769246706,-0.5160744447812065,-0.38421224293227246,0.8461289504766785,0.895788606275389,-0.6786796450506384,-0.9244003072952995,-0.6907136362106182,1,2.208630521496931,-0.6591841999955774,-0.27548658250966984,-0.9163485453082519,1.0380684981717496,-0.24834252316220978,0.8712772736570379,-0.7651969130815112
1.0356488448112502,0.7247871795887415,-0.3167232208803844,1.176217370860453,-0.38421224293227246,0.8461289504766785,-0.8528130781238584,1.4734492293862544,0.7110191596896147,-0.6907136362106182,0,-0.4527692569068708,1.5170266520446165,-0.27548658250966984,1.0912878130489183,-0.9633275663033838,-0.24834252316220978,-1.1477402547212903,1.306853154925727
-0.05809073275014878,0.7247871795887415,1.169458559341047,-0.2879002673913198,-0.38421224293227246,-1.0419921334573912,0.6716089031472804,-0.6786796450506384,0.5293058855801799,-0.6907136362106182,1,-0.4527692569068708,1.5170266520446165,-0.27548658250966984,-0.9163485453082519,1.0380684981717496,-0.24834252316220978,-1.1477402547212903,1.306853154925727
0.37940509827441077,-1.3797153539159175,-0.6139595769246706,1.7656673291176603,-0.38421224293227246,0.8461289504766785,0.9854604875266324,-0.6786796450506384,-0.9244003072952995,-0.6907136362106182,1,-0.4527692569068708,1.5170266520446165,-0.27548658250966984,-0.9163485453082519,1.0380684981717496,-0.24834252316220978,0.8712772736570379,-0.7651969130815112
-0.823708437043128,0.7247871795887415,-1.0895377465955287,-0.8203066813010553,-0.38421224293227246,0.8461289504766785,-0.3147817906163977,-0.6786796450506384,-0.8335436702405821,-0.6907136362106182,1,-0.4527692569068708,-0.6591841999955774,-0.27548658250966984,-0.9163485453082519,1.0380684981717496,-0.24834252316220978,0.8712772736570379,-0.7651969130815112
0.37940509827441077,0.7247871795887415,-0.9706432041778141,1.347348003902868,-0.38421224293227246,2.7342500344107483,-0.44928961249326294,-0.6786796450506384,3.073291723112269,2.4110625065240217,0,-0.4527692569068708,-0.6591841999955774,-0.27548658250966984,-0.9163485453082519,-0.9633275663033838,4.026696625558687,-1.1477402547212903,-0.7651969130815112
0.37940509827441077,0.7247871795887415,-1.8029050011018157,-0.24987123782633866,-0.38421224293227246,0.8461289504766785,0.2680854375166848,-0.6786796450506384,-0.8335436702405821,0.34321174470092836,0,-0.4527692569068708,-0.6591841999955774,-0.27548658250966984,-0.9163485453082519,1.0380684981717496,-0.24834252316220978,-1.1477402547212903,1.306853154925727
-1.0424563525554078,-1.3797153539159175,-0.019486864836098156,-0.24987123782633866,-0.38421224293227246,-1.0419921334573912,1.1199683094034976,-0.6786796450506384,-0.3792604849669948,-0.6907136362106182,1,2.208630521496931,-0.6591841999955774,-0.27548658250966984,1.0912878130489183,-0.9633275663033838,-0.24834252316220978,0.8712772736570379,-0.7651969130815112
-0.49558656377470833,-1.3797153539159175,-0.6139595769246706,-0.05972609000143311,-0.38421224293227246,0.8461289504766785,0.5371010812704151,-0.6786796450506384,0.07502270030659255,-0.6907136362106182,1,2.208630521496931,-0.6591841999955774,-0.27548658250966984,-0.9163485453082519,1.0380684981717496,-0.24834252316220978,0.8712772736570379,-0.7651969130815112
0.8169009292989703,-1.3797153539159175,-0.3761704920892417,-0.7252341073886026,-0.38421224293227246,0.8461289504766785,0.5819370218960369,-0.6786796450506384,-0.9244003072952995,-0.6907136362106182,1,-0.4527692569068708,-0.6591841999955774,-0.27548658250966984,-0.9163485453082519,1.0380684981717496,-0.24834252316220978,0.8712772736570379,-0.7651969130815112
1.14502280256739,0.7247871795887415,-0.6139595769246706,-1.3336985804283004,-0.38421224293227246,0.8461289504766785,-0.44928961249326294,-0.6786796450506384,-0.5609737590764297,-0.6907136362106182,1,-0.4527692569068708,-0.6591841999955774,-0.27548658250966984,-0.9163485453082519,1.0380684981717496,-0.24834252316220978,-1.1477402547212903,1.306853154925727
-1.2612042680676876,0.7247871795887415,-0.6139595769246706,-1.3336985804283004,-0.38421224293227246,-1.0419921334573912,-1.3460084250056976,1.4734492293862544,1.3470156190726368,-0.6907136362106182,0,-0.4527692569068708,-0.6591841999955774,-0.27548658250966984,1.0912878130489183,-0.9633275663033838,-0.24834252316220978,-1.1477402547212903,1.306853154925727
-1.6987000990922472,-1.3797153539159175,0.45609130483475985,-0.5160744447812065,-0.38421224293227246,0.8461289504766785,0.08874167501419784,-0.6786796450506384,-0.9244003072952995,-0.6907136362106182,1,-0.4527692569068708,1.5170266520446165,-0.27548658250966984,1.0912878130489183,-0.9633275663033838,-0.24834252316220978,0.8712772736570379,-0.7651969130815112
-0.823708437043128,0.7247871795887415,-1.3273268314309576,-0.07874060478392367,-0.38421224293227246,0.8461289504766785,0.08874167501419784,-0.6786796450506384,-0.9244003072952995,-0.6907136362106182,0,-0.4527692569068708,1.5170266520446165,-0.27548658250966984,-0.9163485453082519,1.0380684981717496,-0.24834252316220978,0.8712772736570379,-0.7651969130815112
0.9262748870551102,0.7247871795887415,0.5749858472524744,-1.1435534326033947,-0.38421224293227246,-1.0419921334573912,-0.269945849990776,1.4734492293862544,2.7098651748933986,1.3771371256124751,0,-0.4527692569068708,-0.6591841999955774,-0.27548658250966984,-0.9163485453082519,1.0380684981717496,-0.24834252316220978,-1.1477402547212903,1.306853154925727
-1.2612042680676876,0.7247871795887415,1.169458559341047,-0.002682545653961449,-0.38421224293227246,0.8461289504766785,0.9406245469010107,-0.6786796450506384,0.4384492485254623,-0.6907136362106182,1,-0.4527692569068708,-0.6591841999955774,-0.27548658250966984,-0.9163485453082519,1.0380684981717496,-0.24834252316220978,0.8712772736570379,-0.7651969130815112
-1.1518303103115477,0.7247871795887415,-1.0895377465955287,0.8149415899931325,-0.38421224293227246,-1.0419921334573912,0.13357761563981957,-0.6786796450506384,-0.9244003072952995,0.34321174470092836,0,-0.4527692569068708,-0.6591841999955774,-0.27548658250966984,-0.9163485453082519,1.0380684981717496,-0.24834252316220978,0.8712772736570379,-0.7651969130815112
0.8169009292989703,-1.3797153539159175,0.5749858472524744,2.7924511273721504,-0.38421224293227246,-1.0419921334573912,0.31292137814230647,-0.6786796450506384,0.1658793373613099,-0.6907136362106182,1,-0.4527692569068708,-0.6591841999955774,-0.27548658250966984,1.0912878130489183,-0.9633275663033838,-0.24834252316220978,0.8712772736570379,-0.7651969130815112
0.37940509827441077,0.7247871795887415,-1.0895377465955287,-0.3259292969563009,-0.38421224293227246,-1.0419921334573912,0.6716089031472804,-0.6786796450506384,1.3470156190726368,0.34321174470092836,0,-0.4527692569068708,1.5170266520446165,-0.27548658250966984,1.0912878130489183,-0.9633275663033838,-0.24834252316220978,-1.1477402547212903,1.306853154925727
-1.1518303103115477,0.7247871795887415,-0.6139595769246706,-0.4019873560862631,-0.38421224293227246,0.8461289504766785,0.8509526656497672,-0.6786796450506384,-0.9244003072952995,-0.6907136362106182,1,-0.4527692569068708,1.5170266520446165,-0.27548658250966984,-0.9163485453082519,1.0380684981717496,-0.24834252316220978,0.8712772736570379,-0.7651969130815112
1.4731446758358098,0.7247871795887415,-0.7328541193423852,0.5677528978207552,-0.38421224293227246,0.8461289504766785,0.04390573438857612,-0.6786796450506384,-0.01583393674812498,0.34321174470092836,1,-0.4527692569068708,1.5170266520446165,-0.27548658250966984,-0.9163485453082519,1.0380684981717496,-0.24834252316220978,-1.1477402547212903,1.306853154925727
1.3637707180796699,0.7247871795887415,-1.8029050011018157,0.9860722230355474,-0.38421224293227246,-1.0419921334573912,-1.1218287218775889,1.4734492293862544,-0.10669057380284241,1.3771371256124751,0,-0.4527692569068708,-0.6591841999955774,-0.27548658250966984,1.0912878130489183,-0.9633275663033838,-0.24834252316220978,0.8712772736570379,-0.7651969130815112
0.05128322500599111,-1.3797153539159175,-0.13838140725381265,-0.8012921665185648,-0.38421224293227246,2.7342500344107483,-0.8976490187494802,1.4734492293862544,0.8927324337990495,0.34321174470092836,0,-0.4527692569068708,-0.6591841999955774,-0.27548658250966984,1.0912878130489183,-0.9633275663033838,-0.24834252316220978,-1.1477402547212903,1.306853154925727
0.48877905603055066,0.7247871795887415,-1.2084322890132433,-0.1547986639138859,-0.38421224293227246,-1.0419921334573912,-0.35961773124201946,1.4734492293862544,0.1658793373613099,0.34321174470092836,0,-0.4527692569068708,-0.6591841999955774,-0.27548658250966984,1.0912878130489183,-0.9633275663033838,-0.24834252316220978,-1.1477402547212903,1.306853154925727
0.2700311405182709,0.7247871795887415,-1.2084322890132433,1.6705947552052074,-0.38421224293227246,0.8461289504766785,-0.3147817906163977,1.4734492293862544,1.8012988043462241,0.34321174470092836,0,-0.4527692569068708,-0.6591841999955774,-0.27548658250966984,1.0912878130489183,-0.9633275663033838,-0.24834252316220978,-1.1477402547212903,1.306853154925727
0.160657182762131,0.7247871795887415,-0.019486864836098156,0.16844808738845354,2.6027280972831366,-1.0419921334573912,-0.35961773124201946,1.4734492293862544,-0.3792604849669948,0.34321174470092836,0,-0.4527692569068708,1.5170266520446165,-0.27548658250966984,1.0912878130489183,-0.9633275663033838,4.026696625558687,-1.1477402547212903,-0.7651969130815112
1.6918925913480896,0.7247871795887415,-0.019486864836098156,1.4234060630328302,-0.38421224293227246,-1.0419921334573912,-1.8392037718875365,-0.6786796450506384,1.2561589820179193,2.4110625065240217,0,-0.4527692569068708,-0.6591841999955774,-0.27548658250966984,1.0912878130489183,-0.9633275663033838,-0.24834252316220978,0.8712772736570379,-0.7651969130815112
0.7075269715428304,0.7247871795887415,-0.6139595769246706,0.24450614651841576,-0.38421224293227246,0.8461289504766785,-0.44928961249326294,1.4734492293862544,2.346438626674529,0.34321174470092836,0,-0.4527692569068708,-0.6591841999955774,-0.27548658250966984,1.0912878130489183,-0.9633275663033838,-0.24834252316220978,-1.1477402547212903,1.306853154925727
-0.27683864826242854,0.7247871795887415,0.21830221999933086,-0.877350225648527,-0.38421224293227246,0.8461289504766785,0.3577573187679282,-0.6786796450506384,-0.19754721085755986,0.34321174470092836,1,2.208630521496931,-0.6591841999955774,-0.27548658250966984,-0.9163485453082519,1.0380684981717496,-0.24834252316220978,0.8712772736570379,-0.7651969130815112
0.5981530137866906,0.7247871795887415,-0.019486864836098156,0.11140454304098188,-0.38421224293227246,0.8461289504766785,-0.269945849990776,1.4734492293862544,0.3475926114707448,0.34321174470092836,0,-0.4527692569068708,-0.6591841999955774,-0.27548658250966984,-0.9163485453082519,1.0380684981717496,-0.24834252316220978,-1.1477402547212903,1.306853154925727
0.2700311405182709,-1.3797153539159175,0.5749858472524744,-0.11676963434890478,-0.38421224293227246,0.8461289504766785,-1.2115006031288322,1.4734492293862544,-0.7426870331858647,-0.6907136362106182,0,-0.4527692569068708,-0.6591841999955774,-0.27548658250966984,1.0912878130489183,-0.9633275663033838,-0.24834252316220978,-1.1477402547212903,1.306853154925727
0.2700311405182709,0.7247871795887415,-0.13838140725381265,-0.34494381173879146,-0.38421224293227246,-1.0419921334573912,-0.0009302062370456128,-0.6786796450506384,-0.5609737590764297,0.34321174470092836,0,-0.4527692569068708,1.5170266520446165,-0.27548658250966984,1.0912878130489183,-0.9633275663033838,-0.24834252316220978,-1.1477402547212903,1.306853154925727
2.129388422372649,-1.3797153539159175,-0.6139595769246706,0.4156367795608308,-0.38421224293227246,-1.0419921334573912,-1.3011724843800758,1.4734492293862544,-0.7426870331858647,0.34321174470092836,1,2.208630521496931,-0.6591841999955774,-0.27548658250966984,-0.9163485453082519,1.0380684981717496,-0.24834252316220978,0.8712772736570379,-0.7651969130815112
1.14502280256739,-1.3797153539159175,1.4666949153853333,0.4156367795608308,-0.38421224293227246,0.8461289504766785,-0.09060208748828907,-0.6786796450506384,-0.19754721085755986,-0.6907136362106182,1,-0.4527692569068708,1.5170266520446165,-0.27548658250966984,-0.9163485453082519,1.0380684981717496,-0.24834252316220978,0.8712772736570379,-0.7651969130815112
-2.1361959301168065,0.7247871795887415,-0.25727594967152717,0.662825471733208,-0.38421224293227246,-1.0419921334573912,0.2680854375166848,1.4734492293862544,-0.9244003072952995,-0.6907136362106182,0,-0.4527692569068708,-0.6591841999955774,-0.27548658250966984,-0.9163485453082519,1.0380684981717496,-0.24834252316220978,-1.1477402547212903,1.306853154925727
0.37940509827441077,0.7247871795887415,0.09940767758161635,-0.44001638565124424,-0.38421224293227246,-1.0419921334573912,1.0302964281522542,-0.6786796450506384,1.9830120784556593,1.3771371256124751,0,-0.4527692569068708,1.5170266520446165,-0.27548658250966984,-0.9163485453082519,1.0380684981717496,-0.24834252316220978,-1.1477402547212903,1.306853154925727
-0.38621260601856844,-1.3797153539159175,-0.6139595769246706,0.9100141639055852,-0.38421224293227246,-1.0419921334573912,0.31292137814230647,-0.6786796450506384,-0.3792604849669948,-0.6907136362106182,1,-0.4527692569068708,1.5170266520446165,-0.27548658250966984,-0.9163485453082519,1.0380684981717496,-0.24834252316220978,0.8712772736570379,-0.7651969130815112
1.0356488448112502,-1.3797153539159175,0.5749858472524744,1.2522754299904153,-0.38421224293227246,0.8461289504766785,-0.7631411968726151,-0.6786796450506384,-0.7426870331858647,-0.6907136362106182,1,-0.4527692569068708,1.5170266520446165,-0.27548658250966984,-0.9163485453082519,1.0380684981717496,-0.24834252316220978,-1.1477402547212903,1.306853154925727
0.37940509827441077,0.7247871795887415,-0.6139595769246706,0.7008545012981892,-0.38421224293227246,-1.0419921334573912,0.4474292000191717,-0.6786796450506384,0.7110191596896147,-0.6907136362106182,0,2.208630521496931,-0.6591841999955774,-0.27548658250966984,1.0912878130489183,-0.9633275663033838,-0.24834252316220978,0.8712772736570379,-0.7651969130815112
0.160657182762131,0.7247871795887415,-0.6139595769246706,-1.0294663439084515,-0.38421224293227246,-1.0419921334573912,0.5371010812704151,-0.6786796450506384,0.8018757967443321,-0.6907136362106182,1,-0.4527692569068708,-0.6591841999955774,3.6299408518921203,1.0912878130489183,-0.9633275663033838,-0.24834252316220978,-1.1477402547212903,1.306853154925727
-1.3705782258238275,0.7247871795887415,0.3371967624170454,1.2903044595553963,-0.38421224293227246,0.8461289504766785,-1.1218287218775889,1.4734492293862544,0.7110191596896147,-0.6907136362106182,0,-0.4527692569068708,-0.6591841999955774,-0.27548658250966984,1.0912878130489183,-0.9633275663033838,4.026696625558687,-1.1477402547212903,-0.7651969130815112
-0.823708437043128,0.7247871795887415,-1.2084322890132433,0.5297238682557741,-0.38421224293227246,-1.0419921334573912,-1.435680306256941,1.4734492293862544,-0.01583393674812498,0.34321174470092836,0,-0.4527692569068708,-0.6591841999955774,-0.27548658250966984,1.0912878130489183,-0.9633275663033838,-0.24834252316220978,0.8712772736570379,-0.7651969130815112
1.3637707180796699,0.7247871795887415,1.7639312714296194,0.7388835308631703,-0.38421224293227246,-1.0419921334573912,-1.8840397125131583,1.4734492293862544,0.4384492485254623,2.4110625065240217,0,-0.4527692569068708,-0.6591841999955774,-0.27548658250966984,1.0912878130489183,-0.9633275663033838,-0.24834252316220978,0.8712772736570379,-0.7651969130815112
0.05128322500599111,0.7247871795887415,0.09940767758161635,2.0128560212900375,-0.38421224293227246,0.8461289504766785,-0.8079771374982367,1.4734492293862544,0.1658793373613099,0.34321174470092836,0,-0.4527692569068708,-0.6591841999955774,-0.27548658250966984,1.0912878130489183,-0.9633275663033838,-0.24834252316220978,-1.1477402547212903,1.306853154925727
0.7075269715428304,-1.3797153539159175,-0.019486864836098156,1.5755221812927547,-0.38421224293227246,-1.0419921334573912,0.8509526656497672,-0.6786796450506384,-0.9244003072952995,-0.6907136362106182,0,-0.4527692569068708,-0.6591841999955774,-0.27548658250966984,-0.9163485453082519,1.0380684981717496,-0.24834252316220978,0.8712772736570379,-0.7651969130815112
-1.4799521835799674,-1.3797153539159175,-0.019486864836098156,-0.8203066813010553,-0.38421224293227246,-1.0419921334573912,0.9854604875266324,-0.6786796450506384,0.3475926114707448,-0.6907136362106182,1,2.208630521496931,-0.6591841999955774,-0.27548658250966984,-0.9163485453082519,1.0380684981717496,-0.24834252316220978,0.8712772736570379,-0.7651969130815112
-1.917448014604527,-1.3797153539159175,-0.6139595769246706,-0.6111470186936593,-0.38421224293227246,0.8461289504766785,0.895788606275389,-0.6786796450506384,-0.9244003072952995,-0.6907136362106182,1,-0.4527692569068708,1.5170266520446165,-0.27548658250966984,-0.9163485453082519,1.0380684981717496,-0.24834252316220978,0.8712772736570379,-0.7651969130815112
0.5981530137866906,-1.3797153539159175,1.169458559341047,-0.13578414913139533,-0.38421224293227246,0.8461289504766785,0.9406245469010107,-0.6786796450506384,-0.10669057380284241,-0.6907136362106182,1,-0.4527692569068708,-0.6591841999955774,3.6299408518921203,-0.9163485453082519,1.0380684981717496,-0.24834252316220978,0.8712772736570379,-0.7651969130815112
1.14502280256739,-1.3797153539159175,1.169458559341047,-0.4210018708687537,-0.38421224293227246,-1.0419921334573912,-1.615024068759428,-0.6786796450506384,-0.01583393674812498,2.4110625065240217,0,-0.4527692569068708,-0.6591841999955774,-0.27548658250966984,1.0912878130489183,-0.9633275663033838,-0.24834252316220978,-1.1477402547212903,1.306853154925727
1.0356488448112502,-1.3797153539159175,-0.019486864836098156,1.0621302821655096,-0.38421224293227246,0.8461289504766785,-1.256336543754454,-0.6786796450506384,0.8927324337990495,1.3771371256124751,1,-0.4527692569068708,-0.6591841999955774,-0.27548658250966984,1.0912878130489183,-0.9633275663033838,-0.24834252316220978,0.8712772736570379,-0.7651969130815112
-1.2612042680676876,-1.3797153539159175,0.09940767758161635,1.7846818439001508,2.6027280972831366,-1.0419921334573912,-0.6286333749957498,1.4734492293862544,1.8012988043462241,-0.6907136362106182,0,-0.4527692569068708,-0.6591841999955774,-0.27548658250966984,1.0912878130489183,-0.9633275663033838,-0.24834252316220978,-1.1477402547212903,1.306853154925727
-0.16746469050628868,0.7247871795887415,-0.4356177632980989,0.662825471733208,-0.38421224293227246,0.8461289504766785,-2.4669069406462407,1.4734492293862544,0.8927324337990495,1.3771371256124751,0,-0.4527692569068708,-0.6591841999955774,-0.27548658250966984,1.0912878130489183,-0.9633275663033838,-0.24834252316220978,-1.1477402547212903,1.306853154925727
1.3637707180796699,-1.3797153539159175,1.2883531017587615,0.5677528978207552,-0.38421224293227246,0.8461289504766785,0.9854604875266324,-0.6786796450506384,-0.9244003072952995,0.34321174470092836,1,-0.4527692569068708,1.5170266520446165,-0.27548658250966984,-0.9163485453082519,1.0380684981717496,-0.24834252316220978,0.8712772736570379,-0.7651969130815112
-1.2612042680676876,-1.3797153539159175,-0.49506503450695616,-0.6491760482586404,-0.38421224293227246,0.8461289504766785,0.6716089031472804,-0.6786796450506384,-0.7426870331858647,-0.6907136362106182,1,-0.4527692569068708,1.5170266520446165,-0.27548658250966984,1.0912878130489183,-0.9633275663033838,-0.24834252316220978,0.8712772736570379,-0.7651969130815112
-0.16746469050628868,0.7247871795887415,-0.019486864836098156,-0.9534082847784893,2.6027280972831366,-1.0419921334573912,0.08874167501419784,-0.6786796450506384,0.1658793373613099,-0.6907136362106182,1,-0.4527692569068708,1.5170266520446165,-0.27548658250966984,-0.9163485453082519,-0.9633275663033838,-0.24834252316220978,0.8712772736570379,-0.7651969130815112
-0.27683864826242854,0.7247871795887415,1.2883531017587615,0.9670577082530569,2.6027280972831366,0.8461289504766785,1.2544761312803627,-0.6786796450506384,0.1658793373613099,-0.6907136362106182,1,-0.4527692569068708,-0.6591841999955774,3.6299408518921203,1.0912878130489183,-0.9633275663033838,-0.24834252316220978,-1.1477402547212903,1.306853154925727
-0.05809073275014878,0.7247871795887415,3.6662439501130515,0.6818399865156985,-0.38421224293227246,-1.0419921334573912,2.016687121915932,-0.6786796450506384,-0.9244003072952995,0.34321174470092836,0,2.208630521496931,-0.6591841999955774,-0.27548658250966984,-0.9163485453082519,1.0380684981717496,-0.24834252316220978,-1.1477402547212903,1.306853154925727
-1.0424563525554078,-1.3797153539159175,0.45609130483475985,-0.21184220826135755,-0.38421224293227246,-1.0419921334573912,0.08874167501419784,1.4734492293862544,-0.7426870331858647,-0.6907136362106182,1,-0.4527692569068708,-0.6591841999955774,-0.27548658250966984,1.0912878130489183,-0.9633275663033838,-0.24834252316220978,0.8712772736570379,-0.7651969130815112
-2.1361959301168065,0.7247871795887415,-0.49506503450695616,-1.048480858690942,-0.38421224293227246,0.8461289504766785,1.075132368777876,-0.6786796450506384,-0.9244003072952995,-0.6907136362106182,1,2.208630521496931,-0.6591841999955774,-0.27548658250966984,-0.9163485453082519,1.0380684981717496,-0.24834252316220978,0.8712772736570379,-0.7651969130815112
-0.6049605215308482,0.7247871795887415,-0.6139595769246706,-1.1245389178209042,-0.38421224293227246,0.8461289504766785,-0.4941255531188846,-0.6786796450506384,0.8927324337990495,2.4110625065240217,0,-0.4527692569068708,1.5170266520446165,-0.27548658250966984,1.0912878130489183,-0.9633275663033838,-0.24834252316220978,-1.1477402547212903,1.306853154925727
-1.4799521835799674,0.7247871795887415,-1.2084322890132433,-0.2308567230438481,-0.38421224293227246,0.8461289504766785,0.13357761563981957,-0.6786796450506384,-0.9244003072952995,-0.6907136362106182,1,2.208630521496931,-0.6591841999955774,-0.27548658250966984,-0.9163485453082519,1.0380684981717496,-0.24834252316220978,0.8712772736570379,-0.7651969130815112
0.5981530137866906,0.7247871795887415,0.5749858472524744,-1.181582462168376,-0.38421224293227246,-1.0419921334573912,0.22324949689106305,-0.6786796450506384,1.8012988043462241,-0.6907136362106182,0,-0.4527692569068708,1.5170266520446165,-0.27548658250966984,1.0912878130489183,-0.9633275663033838,-0.24834252316220978,0.8712772736570379,-0.7651969130815112
0.05128322500599111,0.7247871795887415,0.5749858472524744,-0.5731179891286782,-0.38421224293227246,0.8461289504766785,-1.749531890636293,1.4734492293862544,4.163571367768878,-0.6907136362106182,0,-0.4527692569068708,-0.6591841999955774,-0.27548658250966984,-0.9163485453082519,-0.9633275663033838,-0.24834252316220978,-1.1477402547212903,1.306853154925727
-2.1361959301168065,-1.3797153539159175,0.45609130483475985,-1.219611491733357,-0.38421224293227246,0.8461289504766785,1.4338198937828497,-0.6786796450506384,0.3475926114707448,-0.6907136362106182,1,-0.4527692569068708,-0.6591841999955774,-0.27548658250966984,-0.9163485453082519,1.0380684981717496,-0.24834252316220978,0.8712772736570379,-0.7651969130815112
1.4731446758358098,0.7247871795887415,2.9528766956067645,0.5107093534732835,2.6027280972831366,-1.0419921334573912,-0.0009302062370456128,1.4734492293862544,0.5293058855801799,-0.6907136362106182,0,-0.4527692569068708,1.5170266520446165,-0.27548658250966984,1.0912878130489183,-0.9633275663033838,-0.24834252316220978,-1.1477402547212903,1.306853154925727
1.3637707180796699,-1.3797153539159175,-0.911195932968957,6.024918640395545,-0.38421224293227246,-1.0419921334573912,0.4474292000191717,-0.6786796450506384,0.5293058855801799,-0.6907136362106182,1,-0.4527692569068708,1.5170266520446165,-0.27548658250966984,1.0912878130489183,-0.9633275663033838,-0.24834252316220978,-1.1477402547212903,1.306853154925727
1.14502280256739,0.7247871795887415,0.2777494912081881,0.13041905782347243,-0.38421224293227246,-1.0419921334573912,-1.0321568406263455,-0.6786796450506384,1.619585530236789,0.34321174470092836,0,-0.4527692569068708,-0.6591841999955774,-0.27548658250966984,1.0912878130489183,-0.9633275663033838,-0.24834252316220978,-1.1477402547212903,1.306853154925727
0.160657182762131,0.7247871795887415,-0.019486864836098156,-0.4970599299987159,-0.38421224293227246,-1.0419921334573912,0.5819370218960369,-0.6786796450506384,-0.9244003072952995,-0.6907136362106182,1,2.208630521496931,-0.6591841999955774,-0.27548658250966984,-0.9163485453082519,1.0380684981717496,-0.24834252316220978,-1.1477402547212903,1.306853154925727
-0.6049605215308482,0.7247871795887415,-0.019486864836098156,0.3585932352133591,-0.38421224293227246,0.8461289504766785,0.9406245469010107,-0.6786796450506384,-0.3792604849669948,-0.6907136362106182,1,2.208630521496931,-0.6591841999955774,-0.27548658250966984,-0.9163485453082519,1.0380684981717496,-0.24834252316220978,0.8712772736570379,-0.7651969130815112
-0.9330823947992679,-1.3797153539159175,0.6938803896701888,-1.3336985804283004,-0.38421224293227246,-1.0419921334573912,0.4474292000191717,1.4734492293862544,0.3475926114707448,-0.6907136362106182,1,-0.4527692569068708,1.5170266520446165,-0.27548658250966984,-0.9163485453082519,-0.9633275663033838,-0.24834252316220978,0.8712772736570379,-0.7651969130815112
1.14502280256739,-1.3797153539159175,0.5749858472524744,3.229784967369433,2.6027280972831366,-1.0419921334573912,0.31292137814230647,-0.6786796450506384,-0.19754721085755986,0.34321174470092836,1,-0.4527692569068708,1.5170266520446165,-0.27548658250966984,-0.9163485453082519,1.0380684981717496,-0.24834252316220978,0.8712772736570379,-0.7651969130815112
-1.3705782258238275,-1.3797153539159175,-0.6139595769246706,-0.7252341073886026,-0.38421224293227246,0.8461289504766785,1.0302964281522542,-0.6786796450506384,-0.9244003072952995,-0.6907136362106182,1,-0.4527692569068708,1.5170266520446165,-0.27548658250966984,1.0912878130489183,-0.9633275663033838,-0.24834252316220978,0.8712772736570379,-0.7651969130815112
0.48877905603055066,0.7247871795887415,2.358403983518192,1.4994641221627925,-0.38421224293227246,-1.0419921334573912,-0.44928961249326294,1.4734492293862544,2.164725352565094,-0.6907136362106182,0,-0.4527692569068708,-0.6591841999955774,-0.27548658250966984,-0.9163485453082519,-0.9633275663033838,-0.24834252316220978,-1.1477402547212903,1.306853154925727
-0.6049605215308482,-1.3797153539159175,0.21830221999933086,0.4536658091258119,-0.38421224293227246,0.8461289504766785,0.5371010812704151,-0.6786796450506384,-0.9244003072952995,-0.6907136362106182,1,2.208630521496931,-0.6591841999955774,-0.27548658250966984,1.0912878130489183,-0.9633275663033838,-0.24834252316220978,0.8712772736570379,-0.7651969130815112
0.8169009292989703,0.7247871795887415,-0.6139595769246706,0.6438109569507174,-0.38421224293227246,-1.0419921334573912,-2.108219415641267,-0.6786796450506384,0.3475926114707448,0.34321174470092836,0,2.208630521496931,-0.6591841999955774,-0.27548658250966984,1.0912878130489183,-0.9633275663033838,-0.24834252316220978,-1.1477402547212903,1.306853154925727
1.25439676032353,0.7247871795887415,-0.6139595769246706,1.0431157673830191,-0.38421224293227246,-1.0419921334573912,0.04390573438857612,-0.6786796450506384,-0.5609737590764297,-0.6907136362106182,1,-0.4527692569068708,-0.6591841999955774,-0.27548658250966984,1.0912878130489183,-0.9633275663033838,-0.24834252316220978,0.8712772736570379,-0.7651969130815112
-0.16746469050628868,0.7247871795887415,0.6938803896701888,-0.4019873560862631,-0.38421224293227246,-1.0419921334573912,-1.749531890636293,1.4734492293862544,-0.9244003072952995,-0.6907136362106182,1,-0.4527692569068708,-0.6591841999955774,-0.27548658250966984,-0.9163485453082519,1.0380684981717496,-0.24834252316220978,-1.1477402547212903,1.306853154925727
0.7075269715428304,-1.3797153539159175,0.8722222032967606,1.1381883412954719,-0.38421224293227246,-1.0419921334573912,-0.18027396873953253,1.4734492293862544,-0.01583393674812498,-0.6907136362106182,0,-0.4527692569068708,-0.6591841999955774,-0.27548658250966984,1.0912878130489183,-0.9633275663033838,-0.24834252316220978,-1.1477402547212903,1.306853154925727
1.6918925913480896,0.7247871795887415,0.8722222032967606,-1.390742124775772,-0.38421224293227246,0.8461289504766785,-1.1218287218775889,1.4734492293862544,1.4378722561273545,-0.6907136362106182,0,-0.4527692569068708,-0.6591841999955774,-0.27548658250966984,-0.9163485453082519,-0.9633275663033838,-0.24834252316220978,-1.1477402547212903,1.306853154925727
-0.7143344792869881,0.7247871795887415,-0.019486864836098156,-0.04071157521894256,-0.38421224293227246,-1.0419921334573912,1.3441480125316063,-0.6786796450506384,-0.7426870331858647,-0.6907136362106182,1,2.208630521496931,-0.6591841999955774,-0.27548658250966984,1.0912878130489183,-0.9633275663033838,-0.24834252316220978,0.8712772736570379,-0.7651969130815112
0.37940509827441077,-1.3797153539159175,-1.8029050011018157,0.016331969128529106,-0.38421224293227246,-1.0419921334573912,-1.256336543754454,-0.6786796450506384,-0.01583393674812498,-0.6907136362106182,1,-0.4527692569068708,-0.6591841999955774,-0.27548658250966984,1.0912878130489183,-0.9633275663033838,-0.24834252316220978,0.8712772736570379,-0.7651969130815112
1.14502280256739,0.7247871795887415,0.45609130483475985,0.662825471733208,2.6027280972831366,-1.0419921334573912,1.075132368777876,-0.6786796450506384,0.3475926114707448,0.34321174470092836,0,-0.4527692569068708,-0.6591841999955774,3.6299408518921203,1.0912878130489183,-0.9633275663033838,-0.24834252316220978,0.8712772736570379,-0.7651969130815112
0.5981530137866906,-1.3797153539159175,-0.6139595769246706,-1.3146840656458099,2.6027280972831366,0.8461289504766785,-2.422071000020619,-0.6786796450506384,-0.9244003072952995,-0.6907136362106182,1,-0.4527692569068708,1.5170266520446165,-0.27548658250966984,-0.9163485453082519,1.0380684981717496,-0.24834252316220978,0.8712772736570379,-0.7651969130815112
0.48877905603055066,0.7247871795887415,1.169458559341047,-0.6681905630411309,2.6027280972831366,0.8461289504766785,0.31292137814230647,-0.6786796450506384,0.5293058855801799,-0.6907136362106182,1,-0.4527692569068708,1.5170266520446165,-0.27548658250966984,-0.9163485453082519,1.0380684981717496,-0.24834252316220978,0.8712772736570379,-0.7651969130815112
0.9262748870551102,-1.3797153539159175,-0.3761704920892417,-0.9534082847784893,-0.38421224293227246,0.8461289504766785,-0.6286333749957498,1.4734492293862544,-0.9244003072952995,-0.6907136362106182,0,-0.4527692569068708,-0.6591841999955774,-0.27548658250966984,1.0912878130489183,-0.9633275663033838,-0.24834252316220978,0.8712772736570379,-0.7651969130815112
-1.2612042680676876,0.7247871795887415,-0.911195932968957,1.0621302821655096,-0.38421224293227246,0.8461289504766785,1.3889839531572281,-0.6786796450506384,0.1658793373613099,-0.6907136362106182,1,-0.4527692569068708,-0.6591841999955774,-0.27548658250966984,1.0912878130489183,-0.9633275663033838,-0.24834252316220978,0.8712772736570379,-0.7651969130815112
2.4575102956410686,0.7247871795887415,-0.3167232208803844,1.0811447969480001,-0.38421224293227246,-1.0419921334573912,0.5371010812704151,1.4734492293862544,-0.9244003072952995,2.4110625065240217,0,-0.4527692569068708,-0.6591841999955774,-0.27548658250966984,-0.9163485453082519,1.0380684981717496,-0.24834252316220978,0.8712772736570379,-0.7651969130815112
0.9262748870551102,0.7247871795887415,0.8722222032967606,-0.26888575260882924,2.6027280972831366,-1.0419921334573912,-0.0009302062370456128,-0.6786796450506384,1.1653023449632018,-0.6907136362106182,1,-0.4527692569068708,-0.6591841999955774,3.6299408518921203,-0.9163485453082519,-0.9633275663033838,4.026696625558687,-1.1477402547212903,-0.7651969130815112
0.7075269715428304,0.7247871795887415,0.21830221999933086,-0.24987123782633866,-0.38421224293227246,0.8461289504766785,-0.22510990936515426,-0.6786796450506384,1.4378722561273545,1.3771371256124751,0,-0.4527692569068708,-0.6591841999955774,3.6299408518921203,1.0912878130489183,-0.9633275663033838,-0.24834252316220978,0.8712772736570379,-0.7651969130815112
-0.27683864826242854,0.7247871795887415,-0.3167232208803844,-0.6681905630411309,-0.38421224293227246,0.8461289504766785,0.8061167250241456,-0.6786796450506384,-0.01583393674812498,1.3771371256124751,0,-0.4527692569068708,-0.6591841999955774,-0.27548658250966984,-0.9163485453082519,1.0380684981717496,-0.24834252316220978,-1.1477402547212903,1.306853154925727
-1.3705782258238275,0.7247871795887415,1.0505640169233323,-0.05972609000143311,-0.38421224293227246,-1.0419921334573912,1.2544761312803627,-0.6786796450506384,-0.19754721085755986,1.3771371256124751,1,-0.4527692569068708,-0.6591841999955774,3.6299408518921203,-0.9163485453082519,1.0380684981717496,-0.24834252316220978,0.8712772736570379,-0.7651969130815112
-0.27683864826242854,0.7247871795887415,-1.0895377465955287,-0.3259292969563009,-0.38421224293227246,0.8461289504766785,0.4474292000191717,-0.6786796450506384,-0.9244003072952995,0.34321174470092836,0,-0.4527692569068708,-0.6591841999955774,-0.27548658250966984,-0.9163485453082519,1.0380684981717496,-0.24834252316220978,0.8712772736570379,-0.7651969130815112
-1.3705782258238275,0.7247871795887415,-0.6139595769246706,-0.13578414913139533,2.6027280972831366,0.8461289504766785,1.9718511812903106,-0.6786796450506384,-0.19754721085755986,-0.6907136362106182,1,-0.4527692569068708,1.5170266520446165,-0.27548658250966984,-0.9163485453082519,-0.9633275663033838,-0.24834252316220978,-1.1477402547212903,1.306853154925727
-0.7143344792869881,0.7247871795887415,-1.2084322890132433,-0.34494381173879146,-0.38421224293227246,0.8461289504766785,0.8061167250241456,-0.6786796450506384,-0.01583393674812498,-0.6907136362106182,0,2.208630521496931,-0.6591841999955774,-0.27548658250966984,-0.9163485453082519,-0.9633275663033838,-0.24834252316220978,-1.1477402547212903,1.306853154925727
-1.2612042680676876,0.7247871795887415,-0.019486864836098156,1.2903044595553963,-0.38421224293227246,0.8461289504766785,0.5371010812704151,-0.6786796450506384,0.8018757967443321,0.34321174470092836,1,-0.4527692569068708,1.5170266520446165,-0.27548658250966984,-0.9163485453082519,1.0380684981717496,-0.24834252316220978,0.8712772736570379,-0.7651969130815112
-0.05809073275014878,-1.3797153539159175,0.2777494912081881,1.0811447969480001,2.6027280972831366,0.8461289504766785,0.895788606275389,-0.6786796450506384,-0.9244003072952995,-0.6907136362106182,1,-0.4527692569068708,1.5170266520446165,-0.27548658250966984,-0.9163485453082519,1.0380684981717496,-0.24834252316220978,0.8712772736570379,-0.7651969130815112
-0.05809073275014878,0.7247871795887415,-1.3273268314309576,1.176217370860453,-0.38421224293227246,0.8461289504766785,0.2680854375166848,-0.6786796450506384,-0.9244003072952995,-0.6907136362106182,1,2.208630521496931,-0.6591841999955774,-0.27548658250966984,-0.9163485453082519,1.0380684981717496,-0.24834252316220978,-1.1477402547212903,1.306853154925727
1.25439676032353,0.7247871795887415,1.7639312714296194,-0.363958326521282,-0.38421224293227246,-1.0419921334573912,-0.5389614937445064,-0.6786796450506384,1.1653023449632018,-0.6907136362106182,1,-0.4527692569068708,-0.6591841999955774,-0.27548658250966984,-0.9163485453082519,1.0380684981717496,4.026696625558687,-1.1477402547212903,-0.7651969130815112
1.25439676032353,0.7247871795887415,-1.0895377465955287,-0.6681905630411309,-0.38421224293227246,-1.0419921334573912,-0.8079771374982367,1.4734492293862544,-0.8335436702405821,0.34321174470092836,0,-0.4527692569068708,-0.6591841999955774,-0.27548658250966984,-0.9163485453082519,1.0380684981717496,-0.24834252316220978,0.8712772736570379,-0.7651969130815112
1.0356488448112502,0.7247871795887415,-0.6139595769246706,-0.021697060436452004,-0.38421224293227246,-1.0419921334573912,-2.422071000020619,1.4734492293862544,1.0744457079084846,0.34321174470092836,0,-0.4527692569068708,-0.6591841999955774,-0.27548658250966984,-0.9163485453082519,-0.9633275663033838,-0.24834252316220978,0.8712772736570379,-0.7651969130815112
1.25439676032353,0.7247871795887415,1.7639312714296194,-0.021697060436452004,-0.38421224293227246,0.8461289504766785,-1.3460084250056976,1.4734492293862544,-0.9244003072952995,2.4110625065240217,0,2.208630521496931,-0.6591841999955774,-0.27548658250966984,1.0912878130489183,-0.9633275663033838,4.026696625558687,-1.1477402547212903,-0.7651969130815112
-0.7143344792869881,-1.3797153539159175,-0.019486864836098156,0.5297238682557741,-0.38421224293227246,0.8461289504766785,-0.4941255531188846,-0.6786796450506384,-0.7426870331858647,-0.6907136362106182,1,-0.4527692569068708,1.5170266520446165,-0.27548658250966984,-0.9163485453082519,1.0380684981717496,-0.24834252316220978,0.8712772736570379,-0.7651969130815112
-1.0424563525554078,0.7247871795887415,-1.2084322890132433,0.320564205648378,-0.38421224293227246,0.8461289504766785,-0.8079771374982367,-0.6786796450506384,0.1658793373613099,-0.6907136362106182,0,-0.4527692569068708,-0.6591841999955774,3.6299408518921203,1.0912878130489183,-0.9633275663033838,-0.24834252316220978,-1.1477402547212903,1.306853154925727
-1.1518303103115477,0.7247871795887415,-1.2084322890132433,-0.9534082847784893,-0.38421224293227246,-1.0419921334573912,1.2096401906547412,-0.6786796450506384,-0.9244003072952995,0.34321174470092836,0,-0.4527692569068708,-0.6591841999955774,-0.27548658250966984,-0.9163485453082519,1.0380684981717496,-0.24834252316220978,0.8712772736570379,-0.7651969130815112
0.2700311405182709,0.7247871795887415,-0.3761704920892417,0.26352066130090634,-0.38421224293227246,0.8461289504766785,-0.4044536718676412,-0.6786796450506384,-0.6518303961311471,-0.6907136362106182,0,2.208630521496931,-0.6591841999955774,-0.27548658250966984,-0.9163485453082519,1.0380684981717496,-0.24834252316220978,-1.1477402547212903,1.306853154925727
-0.38621260601856844,0.7247871795887415,-1.2084322890132433,-1.3717276099932814,-0.38421224293227246,0.8461289504766785,-1.2115006031288322,-0.6786796450506384,-0.3792604849669948,-0.6907136362106182,1,-0.4527692569068708,1.5170266520446165,-0.27548658250966984,-0.9163485453082519,1.0380684981717496,-0.24834252316220978,0.8712772736570379,-0.7651969130815112
-0.05809073275014878,0.7247871795887415,-1.2084322890132433,-0.1547986639138859,-0.38421224293227246,0.8461289504766785,-1.076992781251967,1.4734492293862544,1.619585530236789,0.34321174470092836,0,-0.4527692569068708,-0.6591841999955774,-0.27548658250966984,1.0912878130489183,-0.9633275663033838,-0.24834252316220978,-1.1477402547212903,1.306853154925727
0.2700311405182709,-1.3797153539159175,-0.6139595769246706,2.031870536072528,-0.38421224293227246,0.8461289504766785,0.5819370218960369,1.4734492293862544,-0.3792604849669948,-0.6907136362106182,1,-0.4527692569068708,-0.6591841999955774,-0.27548658250966984,-0.9163485453082519,1.0380684981717496,-0.24834252316220978,0.8712772736570379,-0.7651969130815112
-1.4799521835799674,-1.3797153539159175,-1.0895377465955287,0.3966222647783402,-0.38421224293227246,-1.0419921334573912,0.9854604875266324,1.4734492293862544,-0.9244003072952995,-0.6907136362106182,1,-0.4527692569068708,1.5170266520446165,-0.27548658250966984,-0.9163485453082519,1.0380684981717496,-0.24834252316220978,0.8712772736570379,-0.7651969130815112
-1.1518303103115477,0.7247871795887415,-0.019486864836098156,-0.535088959563697,-0.38421224293227246,-1.0419921334573912,1.70283553753658,-0.6786796450506384,-0.9244003072952995,-0.6907136362106182,1,2.208630521496931,-0.6591841999955774,-0.27548658250966984,-0.9163485453082519,1.0380684981717496,-0.24834252316220978,0.8712772736570379,-0.7651969130815112
0.48877905603055066,0.7247871795887415,0.5749858472524744,-1.3336985804283004,-0.38421224293227246,0.8461289504766785,0.5371010812704151,1.4734492293862544,-0.9244003072952995,0.34321174470092836,0,-0.4527692569068708,-0.6591841999955774,-0.27548658250966984,-0.9163485453082519,1.0380684981717496,-0.24834252316220978,-1.1477402547212903,1.306853154925727
-1.4799521835799674,0.7247871795887415,-0.6139595769246706,-1.7139888760781115,-0.38421224293227246,0.8461289504766785,1.4338198937828497,-0.6786796450506384,-0.9244003072952995,-0.6907136362106182,1,2.208630521496931,-0.6591841999955774,-0.27548658250966984,-0.9163485453082519,1.0380684981717496,-0.24834252316220978,0.8712772736570379,-0.7651969130815112
0.5981530137866906,0.7247871795887415,0.5749858472524744,0.8719851343406041,-0.38421224293227246,-1.0419921334573912,0.895788606275389,-0.6786796450506384,0.1658793373613099,1.3771371256124751,0,-0.4527692569068708,-0.6591841999955774,-0.27548658250966984,1.0912878130489183,-0.9633275663033838,-0.24834252316220978,-1.1477402547212903,1.306853154925727
-1.808074056848387,0.7247871795887415,-0.6139595769246706,-0.30691478217381035,-0.38421224293227246,0.8461289504766785,1.4338198937828497,1.4734492293862544,2.5281519007839637,-0.6907136362106182,0,-0.4527692569068708,-0.6591841999955774,3.6299408518921203,1.0912878130489183,-0.9633275663033838,-0.24834252316220978,-1.1477402547212903,1.306853154925727
0.2700311405182709,0.7247871795887415,-1.2084322890132433,-0.877350225648527,-0.38421224293227246,0.8461289504766785,-1.076992781251967,1.4734492293862544,0.4384492485254623,-0.6907136362106182,1,-0.4527692569068708,-0.6591841999955774,-0.27548658250966984,1.0912878130489183,-0.9633275663033838,4.026696625558687,-1.1477402547212903,-0.7651969130815112
-0.27683864826242854,0.7247871795887415,-0.7328541193423852,-1.1625679473858854,-0.38421224293227246,-1.0419921334573912,1.7925074187878236,-0.6786796450506384,-0.9244003072952995,-0.6907136362106182,1,-0.4527692569068708,-0.6591841999955774,3.6299408518921203,1.0912878130489183,-0.9633275663033838,4.026696625558687,-1.1477402547212903,-0.7651969130815112
-0.6049605215308482,-1.3797153539159175,-0.019486864836098156,0.4156367795608308,-0.38421224293227246,0.8461289504766785,0.5819370218960369,-0.6786796450506384,-0.9244003072952995,-0.6907136362106182,1,-0.4527692569068708,-0.6591841999955774,-0.27548658250966984,-0.9163485453082519,1.0380684981717496,-0.24834252316220978,0.8712772736570379,-0.7651969130815112
-0.27683864826242854,-1.3797153539159175,0.3371967624170454,-0.9724227995609798,-0.38421224293227246,-1.0419921334573912,0.8509526656497672,-0.6786796450506384,-0.8335436702405821,-0.6907136362106182,1,-0.4527692569068708,1.5170266520446165,-0.27548658250966984,1.0912878130489183,-0.9633275663033838,-0.24834252316220978,0.8712772736570379,-0.7651969130815112
1.3637707180796699,0.7247871795887415,1.2883531017587615,-0.6681905630411309,-0.38421224293227246,-1.0419921334573912,-0.0009302062370456128,-0.6786796450506384,-0.19754721085755986,-0.6907136362106182,0,-0.4527692569068708,1.5170266520446165,-0.27548658250966984,1.0912878130489183,-0.9633275663033838,-0.24834252316220978,-1.1477402547212903,1.306853154925727
-0.27683864826242854,0.7247871795887415,2.4772985259359066,-0.9153792552135082,2.6027280972831366,0.8461289504766785,0.5371010812704151,-0.6786796450506384,-0.47011712202171224,-0.6907136362106182,1,-0.4527692569068708,1.5170266520446165,-0.27548658250966984,-0.9163485453082519,1.0380684981717496,-0.24834252316220978,-1.1477402547212903,1.306853154925727
-0.05809073275014878,0.7247871795887415,-0.6139595769246706,0.20647711695343465,-0.38421224293227246,-1.0419921334573912,-0.1354380281139108,-0.6786796450506384,-0.5609737590764297,-0.6907136362106182,1,-0.4527692569068708,1.5170266520446165,-0.27548658250966984,1.0912878130489183,-0.9633275663033838,-0.24834252316220978,-1.1477402547212903,1.306853154925727
-0.6049605215308482,0.7247871795887415,-0.7328541193423852,-1.866104994338036,-0.38421224293227246,-1.0419921334573912,-1.076992781251967,-0.6786796450506384,-0.19754721085755986,2.4110625065240217,0,-0.4527692569068708,1.5170266520446165,-0.27548658250966984,-0.9163485453082519,1.0380684981717496,-0.24834252316220978,0.8712772736570379,-0.7651969130815112
0.37940509827441077,0.7247871795887415,0.5749858472524744,-0.6872050778236215,2.6027280972831366,-1.0419921334573912,0.6716089031472804,-0.6786796450506384,-0.9244003072952995,-0.6907136362106182,1,-0.4527692569068708,1.5170266520446165,-0.27548658250966984,-0.9163485453082519,1.0380684981717496,-0.24834252316220978,0.8712772736570379,-0.7651969130815112
-1.6987000990922472,0.7247871795887415,0.5749858472524744,1.4043915482503397,-0.38421224293227246,-1.0419921334573912,1.4338198937828497,-0.6786796450506384,-0.9244003072952995,-0.6907136362106182,1,-0.4527692569068708,1.5170266520446165,-0.27548658250966984,-0.9163485453082519,1.0380684981717496,-0.24834252316220978,0.8712772736570379,-0.7651969130815112
1.6918925913480896,0.7247871795887415,1.7639312714296194,0.4156367795608308,-0.38421224293227246,0.8461289504766785,-1.7046959500106713,1.4734492293862544,1.7104421672915067,0.34321174470092836,0,-0.4527692569068708,1.5170266520446165,-0.27548658250966984,1.0912878130489183,-0.9633275663033838,-0.24834252316220978,-1.1477402547212903,1.306853154925727
-0.823708437043128,0.7247871795887415,-0.019486864836098156,0.11140454304098188,-0.38421224293227246,0.8461289504766785,1.2993120719059845,-0.6786796450506384,-0.9244003072952995,-0.6907136362106182,1,-0.4527692569068708,1.5170266520446165,-0.27548658250966984,-0.9163485453082519,1.0380684981717496,-0.24834252316220978,0.8712772736570379,-0.7651969130815112
-0.38621260601856844,-1.3797153539159175,0.5749858472524744,1.1572028560779624,-0.38421224293227246,-1.0419921334573912,-0.35961773124201946,-0.6786796450506384,0.4384492485254623,0.34321174470092836,1,-0.4527692569068708,1.5170266520446165,-0.27548658250966984,-0.9163485453082519,1.0380684981717496,-0.24834252316220978,0.8712772736570379,-0.7651969130815112
-0.05809073275014878,-1.3797153539159175,-1.3273268314309576,0.3776077499958497,-0.38421224293227246,-1.0419921334573912,0.7612807843985238,-0.6786796450506384,-0.9244003072952995,-0.6907136362106182,1,-0.4527692569068708,1.5170266520446165,-0.27548658250966984,-0.9163485453082519,1.0380684981717496,-0.24834252316220978,0.8712772736570379,-0.7651969130815112
0.37940509827441077,-1.3797153539159175,0.3371967624170454,1.3663625186853585,2.6027280972831366,-1.0419921334573912,0.08874167501419784,-0.6786796450506384,-0.9244003072952995,1.3771371256124751,0,2.208630521496931,-0.6591841999955774,-0.27548658250966984,-0.9163485453082519,1.0380684981717496,-0.24834252316220978,0.8712772736570379,-0.7651969130815112
0.8169009292989703,-1.3797153539159175,-0.019486864836098156,0.30154969086588745,-0.38421224293227246,0.8461289504766785,-2.377235059394997,-0.6786796450506384,0.1658793373613099,0.34321174470092836,0,-0.4527692569068708,1.5170266520446165,-0.27548658250966984,1.0912878130489183,-0.9633275663033838,-0.24834252316220978,-1.1477402547212903,1.306853154925727
1.25439676032353,-1.3797153539159175,0.9316694745056179,0.5867674126032458,-0.38421224293227246,-1.0419921334573912,0.08874167501419784,-0.6786796450506384,-0.9244003072952995,0.34321174470092836,1,-0.4527692569068708,1.5170266520446165,-0.27548658250966984,1.0912878130489183,-0.9633275663033838,-0.24834252316220978,0.8712772736570379,-0.7651969130815112
0.7075269715428304,0.7247871795887415,1.169458559341047,-0.07874060478392367,2.6027280972831366,0.8461289504766785,-0.5837974343701281,1.4734492293862544,-0.01583393674812498,-0.6907136362106182,1,-0.4527692569068708,1.5170266520446165,-0.27548658250966984,1.0912878130489183,-0.9633275663033838,-0.24834252316220978,0.8712772736570379,-0.7651969130815112
0.9262748870551102,-1.3797153539159175,-1.3273268314309576,0.4156367795608308,-0.38421224293227246,0.8461289504766785,0.8509526656497672,1.4734492293862544,0.7110191596896147,1.3771371256124751,0,-0.4527692569068708,-0.6591841999955774,-0.27548658250966984,1.0912878130489183,-0.9633275663033838,-0.24834252316220978,0.8712772736570379,-0.7651969130815112
1.0356488448112502,-1.3797153539159175,2.9528766956067645,1.480449607380302,-0.38421224293227246,0.8461289504766785,0.1784135562654413,1.4734492293862544,-0.9244003072952995,-0.6907136362106182,1,-0.4527692569068708,-0.6591841999955774,-0.27548658250966984,-0.9163485453082519,1.0380684981717496,-0.24834252316220978,0.8712772736570379,-0.7651969130815112
-1.0424563525554078,0.7247871795887415,-0.13838140725381265,1.1572028560779624,-0.38421224293227246,-1.0419921334573912,0.895788606275389,-0.6786796450506384,-0.9244003072952995,-0.6907136362106182,1,2.208630521496931,-0.6591841999955774,-0.27548658250966984,-0.9163485453082519,1.0380684981717496,-0.24834252316220978,0.8712772736570379,-0.7651969130815112
0.5981530137866906,-1.3797153539159175,1.169458559341047,0.20647711695343465,-0.38421224293227246,-1.0419921334573912,0.31292137814230647,-0.6786796450506384,1.4378722561273545,1.3771371256124751,0,-0.4527692569068708,-0.6591841999955774,-0.27548658250966984,1.0912878130489183,-0.9633275663033838,-0.24834252316220978,-1.1477402547212903,1.306853154925727
-1.6987000990922472,0.7247871795887415,-0.7328541193423852,-0.535088959563697,-0.38421224293227246,0.8461289504766785,-0.44928961249326294,-0.6786796450506384,0.1658793373613099,-0.6907136362106182,0,-0.4527692569068708,-0.6591841999955774,-0.27548658250966984,1.0912878130489183,-0.9633275663033838,-0.24834252316220978,-1.1477402547212903,1.306853154925727
1.14502280256739,-1.3797153539159175,1.7639312714296194,2.145957624767471,-0.38421224293227246,-1.0419921334573912,0.04390573438857612,-0.6786796450506384,-0.19754721085755986,-0.6907136362106182,1,-0.4527692569068708,1.5170266520446165,-0.27548658250966984,-0.9163485453082519,1.0380684981717496,-0.24834252316220978,0.8712772736570379,-0.7651969130815112
-0.7143344792869881,0.7247871795887415,-0.3761704920892417,0.5107093534732835,-0.38421224293227246,-1.0419921334573912,0.7164448437729021,-0.6786796450506384,-0.47011712202171224,-0.6907136362106182,0,-0.4527692569068708,-0.6591841999955774,-0.27548658250966984,1.0912878130489183,-0.9633275663033838,-0.24834252316220978,-1.1477402547212903,1.306853154925727
-1.1518303103115477,0.7247871795887415,-0.6139595769246706,-1.4858146986882248,-0.38421224293227246,0.8461289504766785,-0.269945849990776,1.4734492293862544,1.619585530236789,-0.6907136362106182,0,-0.4527692569068708,-0.6591841999955774,-0.27548658250966984,-0.9163485453082519,-0.9633275663033838,4.026696625558687,-1.1477402547212903,-0.7651969130815112
1.25439676032353,-1.3797153539159175,2.83398215318905,-0.363958326521282,2.6027280972831366,0.8461289504766785,0.6716089031472804,1.4734492293862544,-0.01583393674812498,1.3771371256124751,0,-0.4527692569068708,-0.6591841999955774,-0.27548658250966984,1.0912878130489183,-0.9633275663033838,-0.24834252316220978,-1.1477402547212903,1.306853154925727
1.14502280256739,0.7247871795887415,-1.2084322890132433,0.016331969128529106,-0.38421224293227246,-1.0419921334573912,0.3577573187679282,-0.6786796450506384,-0.3792604849669948,1.3771371256124751,0,-0.4527692569068708,-0.6591841999955774,-0.27548658250966984,-0.9163485453082519,1.0380684981717496,4.026696625558687,-1.1477402547212903,-0.7651969130815112
0.37940509827441077,-1.3797153539159175,1.169458559341047,0.6818399865156985,2.6027280972831366,-1.0419921334573912,0.5371010812704151,-0.6786796450506384,-0.01583393674812498,-0.6907136362106182,1,-0.4527692569068708,-0.6591841999955774,3.6299408518921203,-0.9163485453082519,1.0380684981717496,-0.24834252316220978,0.8712772736570379,-0.7651969130815112
-0.823708437043128,0.7247871795887415,0.45609130483475985,0.1874626021709441,-0.38421224293227246,-1.0419921334573912,0.2680854375166848,-0.6786796450506384,-0.9244003072952995,-0.6907136362106182,1,-0.4527692569068708,1.5170266520446165,-0.27548658250966984,-0.9163485453082519,1.0380684981717496,-0.24834252316220978,0.8712772736570379,-0.7651969130815112
-1.0424563525554078,-1.3797153539159175,-1.0895377465955287,-1.6569453317306397,-0.38421224293227246,0.8461289504766785,-0.5389614937445064,-0.6786796450506384,-0.9244003072952995,-0.6907136362106182,1,2.208630521496931,-0.6591841999955774,-0.27548658250966984,1.0912878130489183,-0.9633275663033838,-0.24834252316220978,0.8712772736570379,-0.7651969130815112
0.05128322500599111,-1.3797153539159175,2.9528766956067645,1.518478636945283,-0.38421224293227246,2.7342500344107483,-1.4805162468825628,1.4734492293862544,2.164725352565094,-0.6907136362106182,0,-0.4527692569068708,-0.6591841999955774,-0.27548658250966984,1.0912878130489183,-0.9633275663033838,-0.24834252316220978,0.8712772736570379,-0.7651969130815112
-2.1361959301168065,0.7247871795887415,-0.6139595769246706,-0.9343937699959987,-0.38421224293227246,0.8461289504766785,-0.8976490187494802,1.4734492293862544,0.5293058855801799,-0.6907136362106182,0,-0.4527692569068708,-0.6591841999955774,-0.27548658250966984,1.0912878130489183,-0.9633275663033838,-0.24834252316220978,-1.1477402547212903,1.306853154925727
0.48877905603055066,0.7247871795887415,0.21830221999933086,-0.8203066813010553,-0.38421224293227246,0.8461289504766785,0.5371010812704151,-0.6786796450506384,-0.19754721085755986,1.3771371256124751,0,-0.4527692569068708,-0.6591841999955774,3.6299408518921203,-0.9163485453082519,1.0380684981717496,-0.24834252316220978,0.8712772736570379,-0.7651969130815112
0.5981530137866906,0.7247871795887415,-0.3167232208803844,0.20647711695343465,-0.38421224293227246,-1.0419921334573912,-0.4044536718676412,1.4734492293862544,1.619585530236789,0.34321174470092836,0,-0.4527692569068708,-0.6591841999955774,-0.27548658250966984,1.0912878130489183,-0.9633275663033838,-0.24834252316220978,-1.1477402547212903,1.306853154925727
0.05128322500599111,-1.3797153539159175,0.09940767758161635,1.8036963586826413,-0.38421224293227246,0.8461289504766785,0.7164448437729021,-0.6786796450506384,0.1658793373613099,-0.6907136362106182,1,2.208630521496931,-0.6591841999955774,-0.27548658250966984,-0.9163485453082519,1.0380684981717496,-0.24834252316220978,0.8712772736570379,-0.7651969130815112
-0.16746469050628868,-1.3797153539159175,-0.019486864836098156,0.320564205648378,-0.38421224293227246,-1.0419921334573912,-0.3147817906163977,-0.6786796450506384,-0.5609737590764297,-0.6907136362106182,1,-0.4527692569068708,-0.6591841999955774,-0.27548658250966984,1.0912878130489183,-0.9633275663033838,-0.24834252316220978,0.8712772736570379,-0.7651969130815112
0.9262748870551102,0.7247871795887415,-0.019486864836098156,1.5755221812927547,2.6027280972831366,-1.0419921334573912,-0.8079771374982367,1.4734492293862544,0.7110191596896147,2.4110625065240217,0,-0.4527692569068708,-0.6591841999955774,-0.27548658250966984,-0.9163485453082519,1.0380684981717496,-0.24834252316220978,-1.1477402547212903,1.306853154925727
1.6918925913480896,0.7247871795887415,1.5261421865941904,-0.04071157521894256,-0.38421224293227246,-1.0419921334573912,-0.3147817906163977,-0.6786796450506384,-0.9244003072952995,-0.6907136362106182,1,2.208630521496931,-0.6591841999955774,-0.27548658250966984,-0.9163485453082519,1.0380684981717496,-0.24834252316220978,0.8712772736570379,-0.7651969130815112
-0.38621260601856844,-1.3797153539159175,-0.019486864836098156,1.1001593117304909,-0.38421224293227246,0.8461289504766785,-0.35961773124201946,1.4734492293862544,0.1658793373613099,-0.6907136362106182,0,-0.4527692569068708,-0.6591841999955774,-0.27548658250966984,1.0912878130489183,-0.9633275663033838,-0.24834252316220978,-1.1477402547212903,1.306853154925727
0.9262748870551102,-1.3797153539159175,1.169458559341047,3.0396398195445276,-0.38421224293227246,-1.0419921334573912,0.1784135562654413,-0.6786796450506384,2.7098651748933986,2.4110625065240217,0,-0.4527692569068708,-0.6591841999955774,-0.27548658250966984,1.0912878130489183,-0.9633275663033838,-0.24834252316220978,-1.1477402547212903,1.306853154925727
0.37940509827441077,0.7247871795887415,-0.13838140725381265,0.2254916317359252,-0.38421224293227246,-1.0419921334573912,-0.8976490187494802,1.4734492293862544,1.8012988043462241,1.3771371256124751,0,-0.4527692569068708,-0.6591841999955774,-0.27548658250966984,1.0912878130489183,-0.9633275663033838,-0.24834252316220978,-1.1477402547212903,1.306853154925727
0.160657182762131,0.7247871795887415,-0.6139595769246706,-0.21184220826135755,-0.38421224293227246,0.8461289504766785,1.2544761312803627,-0.6786796450506384,-0.19754721085755986,-0.6907136362106182,1,2.208630521496931,-0.6591841999955774,-0.27548658250966984,-0.9163485453082519,1.0380684981717496,-0.24834252316220978,0.8712772736570379,-0.7651969130815112
1.4731446758358098,-1.3797153539159175,-0.6139595769246706,-0.6872050778236215,-0.38421224293227246,-1.0419921334573912,-1.5701881281338061,-0.6786796450506384,0.4384492485254623,-0.6907136362106182,1,-0.4527692569068708,1.5170266520446165,-0.27548658250966984,1.0912878130489183,-0.9633275663033838,-0.24834252316220978,0.8712772736570379,-0.7651969130815112
-1.1518303103115477,-1.3797153539159175,-1.3273268314309576,-2.0182211125979603,-0.38421224293227246,0.8461289504766785,1.1199683094034976,-0.6786796450506384,-0.3792604849669948,-0.6907136362106182,1,-0.4527692569068708,1.5170266520446165,-0.27548658250966984,1.0912878130489183,-0.9633275663033838,-0.24834252316220978,0.8712772736570379,-0.7651969130815112
-1.917448014604527,0.7247871795887415,-0.019486864836098156,0.054360998693510215,-0.38421224293227246,0.8461289504766785,1.6579995969109584,-0.6786796450506384,2.2555819896198113,-0.6907136362106182,1,-0.4527692569068708,1.5170266520446165,-0.27548658250966984,-0.9163485453082519,-0.9633275663033838,-0.24834252316220978,0.8712772736570379,-0.7651969130815112
-0.16746469050628868,-1.3797153539159175,0.45609130483475985,-0.24987123782633866,-0.38421224293227246,-1.0419921334573912,0.4474292000191717,-0.6786796450506384,-0.9244003072952995,-0.6907136362106182,1,-0.4527692569068708,-0.6591841999955774,-0.27548658250966984,-0.9163485453082519,1.0380684981717496,-0.24834252316220978,0.8712772736570379,-0.7651969130815112
-1.4799521835799674,0.7247871795887415,-1.0895377465955287,0.054360998693510215,-0.38421224293227246,0.8461289504766785,1.2993120719059845,-0.6786796450506384,-0.9244003072952995,-0.6907136362106182,1,-0.4527692569068708,1.5170266520446165,-0.27548658250966984,-0.9163485453082519,1.0380684981717496,-0.24834252316220978,0.8712772736570379,-0.7651969130815112
-0.27683864826242854,0.7247871795887415,-0.13838140725381265,0.149433572605963,-0.38421224293227246,0.8461289504766785,0.49226514064479343,1.4734492293862544,-0.9244003072952995,0.34321174470092836,0,-0.4527692569068708,-0.6591841999955774,-0.27548658250966984,-0.9163485453082519,1.0380684981717496,-0.24834252316220978,-1.1477402547212903,1.306853154925727
-0.38621260601856844,0.7247871795887415,-0.3167232208803844,-0.6491760482586404,-0.38421224293227246,-1.0419921334573912,-1.1218287218775889,1.4734492293862544,0.3475926114707448,0.34321174470092836,1,-0.4527692569068708,-0.6591841999955774,3.6299408518921203,-0.9163485453082519,1.0380684981717496,-0.24834252316220978,0.8712772736570379,-0.7651969130815112
0.2700311405182709,0.7247871795887415,0.09940767758161635,-0.7632631369535837,-0.38421224293227246,0.8461289504766785,0.8061167250241456,1.4734492293862544,-0.9244003072952995,-0.6907136362106182,1,-0.4527692569068708,-0.6591841999955774,-0.27548658250966984,-0.9163485453082519,1.0380684981717496,-0.24834252316220978,-1.1477402547212903,1.306853154925727
0.8169009292989703,0.7247871795887415,-0.019486864836098156,-0.30691478217381035,-0.38421224293227246,0.8461289504766785,-0.18027396873953253,-0.6786796450506384,0.7110191596896147,2.4110625065240217,1,-0.4527692569068708,1.5170266520446165,-0.27548658250966984,1.0912878130489183,-0.9633275663033838,-0.24834252316220978,-1.1477402547212903,1.306853154925727
-0.05809073275014878,0.7247871795887415,-1.2084322890132433,-0.7822776517360742,-0.38421224293227246,-1.0419921334573912,-1.8840397125131583,1.4734492293862544,-0.9244003072952995,0.34321174470092836,0,-0.4527692569068708,-0.6591841999955774,-0.27548658250966984,1.0912878130489183,-0.9633275663033838,-0.24834252316220978,0.8712772736570379,-0.7651969130815112
0.48877905603055066,-1.3797153539159175,2.596193068353621,0.03534648391101966,-0.38421224293227246,0.8461289504766785,-0.3147817906163977,1.4734492293862544,-0.9244003072952995,-0.6907136362106182,0,-0.4527692569068708,-0.6591841999955774,-0.27548658250966984,1.0912878130489183,-0.9633275663033838,-0.24834252316220978,0.8712772736570379,-0.7651969130815112
1.0356488448112502,0.7247871795887415,-1.2084322890132433,-0.6872050778236215,-0.38421224293227246,-1.0419921334573912,-0.269945849990776,1.4734492293862544,0.7110191596896147,-0.6907136362106182,1,-0.4527692569068708,-0.6591841999955774,3.6299408518921203,1.0912878130489183,-0.9633275663033838,-0.24834252316220978,0.8712772736570379,-0.7651969130815112
-0.05809073275014878,-1.3797153539159175,-1.2084322890132433,-0.6301615334761498,-0.38421224293227246,0.8461289504766785,0.3577573187679282,-0.6786796450506384,0.5293058855801799,-0.6907136362106182,1,-0.4527692569068708,1.5170266520446165,-0.27548658250966984,1.0912878130489183,-0.9633275663033838,-0.24834252316220978,0.8712772736570379,-0.7651969130815112
1.3637707180796699,0.7247871795887415,-0.6139595769246706,-0.34494381173879146,-0.38421224293227246,-1.0419921334573912,-0.9424849593751019,1.4734492293862544,1.4378722561273545,1.3771371256124751,0,-0.4527692569068708,-0.6591841999955774,-0.27548658250966984,1.0912878130489183,-0.9633275663033838,-0.24834252316220978,-1.1477402547212903,1.306853154925727
0.48877905603055066,0.7247871795887415,2.0017203562650483,-1.3527130952107909,2.6027280972831366,-1.0419921334573912,-2.6910866437743493,-0.6786796450506384,-0.01583393674812498,1.3771371256124751,0,-0.4527692569068708,-0.6591841999955774,-0.27548658250966984,1.0912878130489183,-0.9633275663033838,4.026696625558687,-1.1477402547212903,-0.7651969130815112
-1.4799521835799674,-1.3797153539159175,-0.25727594967152717,1.1191738265129814,-0.38421224293227246,0.8461289504766785,0.5819370218960369,-0.6786796450506384,-0.9244003072952995,-0.6907136362106182,1,2.208630521496931,-0.6591841999955774,-0.27548658250966984,-0.9163485453082519,1.0380684981717496,-0.24834252316220978,0.8712772736570379,-0.7651969130815112
0.7075269715428304,0.7247871795887415,1.0505640169233323,-0.8393211960835459,-0.38421224293227246,0.8461289504766785,0.49226514064479343,-0.6786796450506384,-0.9244003072952995,0.34321174470092836,0,-0.4527692569068708,-0.6591841999955774,-0.27548658250966984,-0.9163485453082519,1.0380684981717496,-0.24834252316220978,-1.1477402547212903,1.306853154925727
0.2700311405182709,0.7247871795887415,1.2883531017587615,0.5107093534732835,-0.38421224293227246,0.8461289504766785,-2.780758525025593,1.4734492293862544,0.1658793373613099,0.34321174470092836,0,-0.4527692569068708,-0.6591841999955774,-0.27548658250966984,1.0912878130489183,-0.9633275663033838,-0.24834252316220978,-1.1477402547212903,1.306853154925727
0.9262748870551102,-1.3797153539159175,0.2777494912081881,0.09239002825849132,-0.38421224293227246,-1.0419921334573912,0.9854604875266324,-0.6786796450506384,-0.9244003072952995,-0.6907136362106182,1,-0.4527692569068708,1.5170266520446165,-0.27548658250966984,-0.9163485453082519,1.0380684981717496,-0.24834252316220978,0.8712772736570379,-0.7651969130815112
-0.38621260601856844,-1.3797153539159175,-0.019486864836098156,0.16844808738845354,-0.38421224293227246,-1.0419921334573912,-0.04576614686266734,-0.6786796450506384,-0.47011712202171224,-0.6907136362106182,1,-0.4527692569068708,1.5170266520446165,-0.27548658250966984,-0.9163485453082519,1.0380684981717496,-0.24834252316220978,0.8712772736570379,-0.7651969130815112
0.5981530137866906,0.7247871795887415,-0.019486864836098156,-0.7822776517360742,-0.38421224293227246,-1.0419921334573912,-0.8079771374982367,1.4734492293862544,1.2561589820179193,1.3771371256124751,0,-0.4527692569068708,-0.6591841999955774,-0.27548658250966984,1.0912878130489183,-0.9633275663033838,-0.24834252316220978,-1.1477402547212903,1.306853154925727
-1.4799521835799674,0.7247871795887415,-1.2084322890132433,-1.428771154340753,-0.38421224293227246,-1.0419921334573912,0.3577573187679282,-0.6786796450506384,-0.9244003072952995,-0.6907136362106182,0,-0.4527692569068708,-0.6591841999955774,-0.27548658250966984,-0.9163485453082519,1.0380684981717496,-0.24834252316220978,-1.1477402547212903,1.306853154925727
0.2700311405182709,0.7247871795887415,-0.019486864836098156,-2.2083662604228658,-0.38421224293227246,0.8461289504766785,-1.5701881281338061,1.4734492293862544,0.1658793373613099,0.34321174470092836,0,-0.4527692569068708,-0.6591841999955774,-0.27548658250966984,1.0912878130489183,-0.9633275663033838,-0.24834252316220978,-1.1477402547212903,1.306853154925727
-0.05809073275014878,0.7247871795887415,-0.3761704920892417,0.3585932352133591,-0.38421224293227246,-1.0419921334573912,-1.8392037718875365,1.4734492293862544,1.0744457079084846,0.34321174470092836,0,-0.4527692569068708,-0.6591841999955774,-0.27548658250966984,1.0912878130489183,-0.9633275663033838,-0.24834252316220978,-1.1477402547212903,1.306853154925727
-0.16746469050628868,0.7247871795887415,0.5749858472524744,-0.8393211960835459,2.6027280972831366,-1.0419921334573912,0.22324949689106305,1.4734492293862544,1.8921554414009416,-0.6907136362106182,0,-0.4527692569068708,-0.6591841999955774,-0.27548658250966984,-0.9163485453082519,-0.9633275663033838,-0.24834252316220978,-1.1477402547212903,1.306853154925727
-2.2455698878729464,0.7247871795887415,-0.7328541193423852,-1.2386260065158476,-0.38421224293227246,-1.0419921334573912,1.075132368777876,-0.6786796450506384,-0.9244003072952995,-0.6907136362106182,1,-0.4527692569068708,-0.6591841999955774,3.6299408518921203,-0.9163485453082519,1.0380684981717496,-0.24834252316220978,0.8712772736570379,-0.7651969130815112
-0.16746469050628868,-1.3797153539159175,-0.13838140725381265,-0.5921325039111687,-0.38421224293227246,-1.0419921334573912,-1.5701881281338061,-0.6786796450506384,-0.9244003072952995,-0.6907136362106182,1,-0.4527692569068708,1.5170266520446165,-0.27548658250966984,-0.9163485453082519,1.0380684981717496,-0.24834252316220978,-1.1477402547212903,-0.7651969130815112
-0.38621260601856844,0.7247871795887415,0.5749858472524744,0.9860722230355474,-0.38421224293227246,0.8461289504766785,1.0302964281522542,1.4734492293862544,0.5293058855801799,-0.6907136362106182,0,-0.4527692569068708,-0.6591841999955774,-0.27548658250966984,-0.9163485453082519,1.0380684981717496,-0.24834252316220978,-1.1477402547212903,1.306853154925727
0.8169009292989703,-1.3797153539159175,0.45609130483475985,0.8909996491230947,2.6027280972831366,0.8461289504766785,-1.9737115937644016,-0.6786796450506384,0.8018757967443321,2.4110625065240217,0,-0.4527692569068708,-0.6591841999955774,-0.27548658250966984,1.0912878130489183,-0.9633275663033838,-0.24834252316220978,0.8712772736570379,-0.7651969130815112
-1.1518303103115477,0.7247871795887415,-0.019486864836098156,-0.26888575260882924,-0.38421224293227246,0.8461289504766785,1.2993120719059845,1.4734492293862544,-0.5609737590764297,-0.6907136362106182,1,-0.4527692569068708,1.5170266520446165,-0.27548658250966984,-0.9163485453082519,1.0380684981717496,-0.24834252316220978,0.8712772736570379,-0.7651969130815112
0.160657182762131,0.7247871795887415,-0.6139595769246706,-0.13578414913139533,-0.38421224293227246,0.8461289504766785,0.8509526656497672,-0.6786796450506384,-0.9244003072952995,-0.6907136362106182,1,2.208630521496931,-0.6591841999955774,-0.27548658250966984,-0.9163485453082519,-0.9633275663033838,-0.24834252316220978,0.8712772736570379,-0.7651969130815112
0.37940509827441077,0.7247871795887415,0.9316694745056179,-0.5541034743461876,-0.38421224293227246,0.8461289504766785,-2.0185475343900237,-0.6786796450506384,0.8927324337990495,0.34321174470092836,0,-0.4527692569068708,-0.6591841999955774,-0.27548658250966984,1.0912878130489183,-0.9633275663033838,-0.24834252316220978,-1.1477402547212903,1.306853154925727
0.37940509827441077,0.7247871795887415,-0.13838140725381265,-0.5921325039111687,-0.38421224293227246,-1.0419921334573912,-0.8528130781238584,1.4734492293862544,1.0744457079084846,2.4110625065240217,0,-0.4527692569068708,-0.6591841999955774,-0.27548658250966984,1.0912878130489183,-0.9633275663033838,-0.24834252316220978,-1.1477402547212903,1.306853154925727
-0.49558656377470833,0.7247871795887415,0.8127749320879034,-0.8963647404310175,-0.38421224293227246,-1.0419921334573912,-1.076992781251967,1.4734492293862544,-0.10669057380284241,-0.6907136362106182,0,-0.4527692569068708,-0.6591841999955774,-0.27548658250966984,1.0912878130489183,-0.9633275663033838,-0.24834252316220978,-1.1477402547212903,1.306853154925727
-1.3705782258238275,0.7247871795887415,-0.019486864836098156,-1.2766550360808286,-0.38421224293227246,0.8461289504766785,-0.0009302062370456128,-0.6786796450506384,-0.9244003072952995,-0.6907136362106182,1,-0.4527692569068708,1.5170266520446165,-0.27548658250966984,-0.9163485453082519,1.0380684981717496,-0.24834252316220978,0.8712772736570379,-0.7651969130815112
-0.05809073275014878,-1.3797153539159175,1.7639312714296194,-0.877350225648527,-0.38421224293227246,0.8461289504766785,0.5819370218960369,-0.6786796450506384,-0.9244003072952995,0.34321174470092836,1,-0.4527692569068708,1.5170266520446165,-0.27548658250966984,-0.9163485453082519,1.0380684981717496,-0.24834252316220978,0.8712772736570379,-0.7651969130815112
1.8012665491042295,-1.3797153539159175,-1.0895377465955287,-1.866104994338036,-0.38421224293227246,0.8461289504766785,-1.1218287218775889,-0.6786796450506384,0.5293058855801799,-0.6907136362106182,1,-0.4527692569068708,-0.6591841999955774,-0.27548658250966984,1.0912878130489183,-0.9633275663033838,-0.24834252316220978,0.8712772736570379,-0.7651969130815112
-0.16746469050628868,0.7247871795887415,-0.019486864836098156,-0.021697060436452004,2.6027280972831366,-1.0419921334573912,1.0302964281522542,-0.6786796450506384,-0.9244003072952995,2.4110625065240217,1,-0.4527692569068708,1.5170266520446165,-0.27548658250966984,-0.9163485453082519,1.0380684981717496,-0.24834252316220978,0.8712772736570379,-0.7651969130815112
-0.9330823947992679,0.7247871795887415,-1.7434577298929586,-0.9534082847784893,2.6027280972831366,0.8461289504766785,0.2680854375166848,-0.6786796450506384,-0.9244003072952995,-0.6907136362106182,1,2.208630521496931,-0.6591841999955774,-0.27548658250966984,-0.9163485453082519,1.0380684981717496,-0.24834252316220978,-1.1477402547212903,1.306853154925727
0.160657182762131,0.7247871795887415,-0.3167232208803844,0.03534648391101966,2.6027280972831366,-1.0419921334573912,-0.269945849990776,1.4734492293862544,0.1658793373613099,0.34321174470092836,0,-0.4527692569068708,-0.6591841999955774,-0.27548658250966984,1.0912878130489183,-0.9633275663033838,-0.24834252316220978,0.8712772736570379,-0.7651969130815112
0.48877905603055066,0.7247871795887415,0.45609130483475985,0.4536658091258119,-0.38421224293227246,-1.0419921334573912,1.4338198937828497,-0.6786796450506384,-0.9244003072952995,-0.6907136362106182,1,-0.4527692569068708,-0.6591841999955774,-0.27548658250966984,-0.9163485453082519,1.0380684981717496,-0.24834252316220978,0.8712772736570379,-0.7651969130815112
0.2700311405182709,-1.3797153539159175,-0.019486864836098156,-0.21184220826135755,-0.38421224293227246,-1.0419921334573912,1.075132368777876,-0.6786796450506384,-0.9244003072952995,0.34321174470092836,0,2.208630521496931,-0.6591841999955774,-0.27548658250966984,1.0912878130489183,-0.9633275663033838,-0.24834252316220978,0.8712772736570379,-0.7651969130815112
0.48877905603055066,0.7247871795887415,0.2777494912081881,-0.24987123782633866,-0.38421224293227246,0.8461289504766785,0.49226514064479343,-0.6786796450506384,-0.47011712202171224,-0.6907136362106182,1,-0.4527692569068708,-0.6591841999955774,-0.27548658250966984,1.0912878130489183,-0.9633275663033838,-0.24834252316220978,-1.1477402547212903,1.306853154925727
-0.49558656377470833,0.7247871795887415,0.5749858472524744,-0.26888575260882924,-0.38421224293227246,0.8461289504766785,0.5819370218960369,-0.6786796450506384,-0.3792604849669948,0.34321174470092836,0,-0.4527692569068708,1.5170266520446165,-0.27548658250966984,1.0912878130489183,-0.9633275663033838,-0.24834252316220978,-1.1477402547212903,1.306853154925727
-0.38621260601856844,0.7247871795887415,-2.159588628354959,-0.38297284130377257,-0.38421224293227246,0.8461289504766785,0.1784135562654413,1.4734492293862544,-0.9244003072952995,0.34321174470092836,1,-0.4527692569068708,1.5170266520446165,-0.27548658250966984,-0.9163485453082519,1.0380684981717496,-0.24834252316220978,-1.1477402547212903,1.306853154925727
1.5825186335919497,0.7247871795887415,1.7639312714296194,-0.24987123782633866,2.6027280972831366,-1.0419921334573912,-0.8528130781238584,-0.6786796450506384,-0.8335436702405821,0.34321174470092836,1,-0.4527692569068708,-0.6591841999955774,3.6299408518921203,1.0912878130489183,-0.9633275663033838,-0.24834252316220978,0.8712772736570379,-0.7651969130815112
-0.9330823947992679,0.7247871795887415,-0.6139595769246706,0.03534648391101966,-0.38421224293227246,-1.0419921334573912,-0.269945849990776,-0.6786796450506384,-0.19754721085755986,-0.6907136362106182,0,-0.4527692569068708,-0.6591841999955774,-0.27548658250966984,-0.9163485453082519,1.0380684981717496,-0.24834252316220978,-1.1477402547212903,1.306853154925727
0.9262748870551102,-1.3797153539159175,0.5749858472524744,-0.9914373143434704,-0.38421224293227246,0.8461289504766785,1.2993120719059845,-0.6786796450506384,-0.9244003072952995,1.3771371256124751,1,2.208630521496931,-0.6591841999955774,-0.27548658250966984,-0.9163485453082519,1.0380684981717496,-0.24834252316220978,0.8712772736570379,-0.7651969130815112
